2 0.906379 0.251943 0.853009 0.478281 0.836934 0.464563 0.824074 0.513717 0.841435 0.526292 0.783565 0.775492 0.766847 0.757202 0.750772 0.830361 0.770062 0.846365 0.733696 0.999074 0.781636 0.999074 0.855581 0.671468 0.934671 0.319387
2 0.179784 0.002743 0.134774 0.181070 0.000000 0.434103 0.000000 0.632602 0.067258 0.505716 0.096836 0.548011 0.148277 0.354824 0.173354 0.355967 0.201646 0.258802 0.177212 0.234797 0.225437 0.045039 0.197800 0.000000 0.180427 0.000000
2 0.001672 0.668038 0.011317 0.649749 0.016461 0.660037 0.033822 0.636031 0.048611 0.622314 0.060185 0.633745 0.053112 0.661180 0.062757 0.686328 0.028035 0.822359 0.029321 0.832647 0.017747 0.873800 0.010031 0.895519 0.022248 0.921811 0.026106 0.992684 0.000386 0.992684
0 0.458848 0.105624 0.340535 0.013032 0.307099 0.000457 0.294882 0.039323 0.278807 0.042753 0.253086 0.057613 0.233796 0.047325 0.229295 0.064472 0.250514 0.086191 0.260802 0.110197 0.303241 0.139918 0.303241 0.150206 0.264017 0.177641 0.265947 0.210791 0.248585 0.261088 0.298740 0.291952 0.289738 0.307956 0.237654 0.291952 0.235082 0.301097 0.260159 0.318244 0.248585 0.351395 0.291667 0.363969 0.375257 0.440558
0 0.366255 0.458848 0.277521 0.381116 0.251800 0.378829 0.202289 0.349108 0.190072 0.338820 0.192001 0.392547 0.205504 0.427984 0.258230 0.481710 0.250514 0.489712 0.222865 0.490855 0.214506 0.510288 0.192001 0.491998 0.182356 0.522862 0.177212 0.527435 0.166924 0.549154 0.156636 0.541152 0.146348 0.568587 0.162423 0.585734 0.155993 0.625743 0.178498 0.658893 0.143776 0.698903 0.137346 0.717193 0.278807 0.832647
0 0.269162 0.862369 0.137346 0.753772 0.128344 0.790352 0.109697 0.817787 0.079475 0.806356 0.067258 0.847508 0.086548 0.869227 0.088477 0.889803 0.131559 0.916095 0.123843 0.942387 0.102623 0.960677 0.088477 0.952675 0.080118 0.977824 0.098333 0.999074 0.237011 0.999074
0 0.724408 0.009602 0.654321 0.290809 0.817001 0.413123 0.833719 0.359396 0.848508 0.369684 0.852366 0.359396 0.874228 0.375400 0.894805 0.280521 0.880658 0.275949 0.826646 0.232510 0.836291 0.206219 0.860725 0.197074 0.851723 0.167353 0.878729 0.182213 0.845936 0.096479
0 0.644676 0.321674 0.574588 0.609739 0.744342 0.741198 0.750772 0.744627 0.760417 0.705761 0.767490 0.706904 0.777135 0.666895 0.800926 0.682899 0.818930 0.605167 0.811857 0.582305 0.817001 0.546868 0.795782 0.491998 0.788066 0.483996 0.778421 0.461134 0.786780 0.427984
0 0.570730 0.638317 0.498071 0.926383 0.582305 0.998400 0.707047 0.997257 0.707047 0.988112 0.721622 0.999074 0.728909 0.999074 0.746271 0.930956 0.722479 0.913809 0.736626 0.861225 0.739841 0.844079 0.725051 0.752629
1 0.001672 0.001600 0.000386 0.419982 0.131559 0.178784 0.176397 0.000000
1 0.202289 0.001600 0.228009 0.043896 0.181713 0.233653 0.204861 0.251943 0.175283 0.360540 0.150206 0.359396 0.096193 0.558299 0.067258 0.513717 0.001672 0.638317 0.000386 0.662323 0.011317 0.639460 0.018390 0.649749 0.032536 0.629172 0.047968 0.614312 0.064686 0.629172 0.058256 0.658893 0.066615 0.682899 0.032536 0.818930 0.033179 0.836077 0.021605 0.879515 0.015175 0.889803 0.026749 0.921811 0.030607 0.988112 0.031928 0.999074 0.090406 0.999074 0.075617 0.978967 0.086548 0.944673 0.103909 0.951532 0.119985 0.938957 0.125772 0.919524 0.086548 0.897805 0.081404 0.876086 0.062757 0.855510 0.076260 0.797211 0.108410 0.809785 0.122557 0.786923 0.134774 0.744627 0.271734 0.855510 0.275592 0.837220 0.132202 0.718336 0.140561 0.690901 0.171425 0.658893 0.149563 0.626886 0.157922 0.590306 0.140561 0.569730 0.155350 0.533150 0.166924 0.540009 0.174640 0.521719 0.191358 0.483996 0.213220 0.503429 0.220293 0.485139 0.248585 0.483996 0.249228 0.479424 0.201003 0.431413 0.187500 0.392547 0.187500 0.333105 0.204861 0.344536 0.251800 0.370828 0.277521 0.373114 0.366898 0.450846 0.370756 0.443987 0.287809 0.369684 0.245370 0.355967 0.253729 0.322817 0.229938 0.304527 0.235725 0.283951 0.287166 0.299954 0.291024 0.295382 0.243441 0.265661 0.262088 0.208505 0.259516 0.171925 0.296811 0.146776 0.296811 0.143347 0.256301 0.112483 0.248585 0.093050 0.225437 0.066758 0.233796 0.037037 0.252443 0.048468 0.277521 0.035894 0.292310 0.029035 0.302360 0.000000
1 0.325103 0.001600 0.341821 0.006173 0.463992 0.102195 0.377186 0.451989 0.370756 0.461134 0.280736 0.841792 0.274949 0.866941 0.243095 0.999074 0.574588 0.999074 0.492284 0.929813 0.569444 0.628029 0.730195 0.749200 0.744342 0.852080 0.741770 0.864655 0.728266 0.910380 0.748843 0.925240 0.765561 0.852080 0.746914 0.836077 0.766847 0.746914 0.781636 0.765203 0.800283 0.690901 0.778421 0.674897 0.769419 0.717193 0.762989 0.716049 0.752058 0.753772 0.570730 0.610882 0.644676 0.311385 0.792567 0.426840 0.783565 0.461134 0.791281 0.479424 0.800283 0.488569 0.821502 0.544582 0.817001 0.583448 0.821502 0.591449 0.836934 0.530864 0.820859 0.514861 0.834362 0.454275 0.851080 0.467993 0.872299 0.379973 0.856867 0.368541 0.851080 0.381116 0.835648 0.367398 0.819573 0.422268 0.650463 0.293096 0.723666 0.000000
1 0.729552 0.002743 0.728909 0.006173 0.848508 0.091907 0.882587 0.186786 0.858796 0.175354 0.865226 0.201646 0.841435 0.210791 0.833719 0.229081 0.881944 0.271376 0.897377 0.273663 0.904450 0.242798 0.940458 0.318244 0.860082 0.679470 0.786508 0.999074 0.998971 0.998400 0.998328 0.000457