2 0.107767 0.465706 0.040895 0.622314 0.319848 0.999074 0.630530 0.999074 0.633745 0.938957 0.432485 0.887517
0 0.002315 0.286237 0.028035 0.331962 0.030607 0.477138 0.000000 0.473737 0.000000 0.289666
0 0.023534 0.200503 0.026749 0.282807 0.087191 0.376543 0.134131 0.267947 0.132202 0.177641
0 0.170782 0.217650 0.150206 0.294239 0.179141 0.430270 0.250514 0.371971 0.265947 0.307956
0 0.289095 0.343393 0.268519 0.429127 0.298740 0.556013 0.373971 0.495428 0.388760 0.417695
0 0.414480 0.462277 0.386831 0.532007 0.392618 0.676040 0.471708 0.648605 0.501929 0.582305
0 0.530864 0.567444 0.516075 0.653178 0.548868 0.781207 0.618956 0.711477 0.635674 0.628029
0 0.701260 0.473708 0.650463 0.598308 0.666538 0.780064 0.645319 0.832647 0.671682 0.866941 0.692901 0.818930 0.796425 0.781207 0.818287 0.721765
0 0.031893 0.903521 0.073045 0.868084 0.150206 0.910380 0.129738 0.999074 0.041538 0.999074
0 0.001672 0.697759 0.056327 0.744627 0.019676 0.868084 0.000386 0.871513 0.000000 0.850251
1 0.314815 0.998400 0.133488 0.997257 0.154707 0.902378 0.071116 0.858939 0.029321 0.896662 0.038184 0.999074 0.001029 0.999074 0.000386 0.878372 0.022248 0.873800 0.060185 0.742341 0.001029 0.688615 -0.000000 0.524920 0.000386 0.478281 0.034465 0.482853 0.030607 0.327389 0.004887 0.282807 0.002315 0.272519 0.000386 0.000457 0.999479 0.000457 0.999479 0.999074 0.635031 0.999074 0.637603 0.941244 0.674254 0.876086 0.695473 0.826932 0.798997 0.789209 0.822788 0.719479 0.699974 0.461134 0.645962 0.600594 0.662037 0.780064 0.640175 0.832647 0.624100 0.714906 0.640175 0.625743 0.529578 0.561728 0.511574 0.656607 0.546296 0.786923 0.616384 0.720622 0.621528 0.718336 0.637603 0.838363 0.667824 0.872657 0.635031 0.932099 0.435700 0.881802 0.394547 0.686328 0.472994 0.654321 0.507073 0.578875 0.412551 0.453132 0.383616 0.533150 0.378472 0.496571 0.392618 0.409694 0.287166 0.335391 0.266590 0.421125 0.255015 0.370828 0.269805 0.306813 0.170139 0.209648 0.148920 0.285094 0.138632 0.269090 0.135417 0.171925 0.019676 0.194787 0.023534 0.285094 0.086548 0.385688 0.135417 0.275949 0.146348 0.290809 0.177855 0.438272 0.251157 0.378829 0.266590 0.432556 0.297454 0.565158 0.373328 0.505716 0.380401 0.535437 0.389403 0.679470 0.431199 0.880658 0.107124 0.456561 0.036394 0.626886