3 0.998971 0.240512 0.560782 0.999074 0.853652 0.999074 0.878729 0.953818 0.908951 0.932099 0.939172 0.943530 0.963606 0.964106 0.973894 0.998400 0.999479 0.996284 0.999479 0.556013 0.968107 0.599451 0.941744 0.633745 0.909594 0.644033 0.892876 0.624600 0.885802 0.600594 0.823431 0.713763 0.840792 0.749200 0.846579 0.780064 0.846579 0.815501 0.839506 0.847508 0.827289 0.873800 0.771991 0.950389 0.748843 0.976680 0.726337 0.976680 0.707690 0.965249 0.696759 0.942387 0.696116 0.900091 0.701903 0.869227 0.759131 0.744627 0.771991 0.712620 0.784208 0.702332 0.811857 0.708048 0.820216 0.713763 0.887088 0.589163 0.887088 0.569730 0.898020 0.537723 0.921811 0.485139 0.946245 0.426840 0.982253 0.349108 0.999479 0.314109
2 0.243441 0.001600 0.252443 0.053041 0.339249 0.018747 0.345679 0.074760 0.356610 0.103338 0.275592 0.586877 0.356610 0.633745 0.438915 0.144490 0.522730 0.000000
0 0.222865 0.134202 0.256944 0.123914 0.304527 0.177641 0.268519 0.262231 0.229938 0.278235
0 0.230581 0.297668 0.261445 0.318244 0.286523 0.399406 0.235725 0.450846 0.189429 0.434842
0 0.181070 0.458848 0.213863 0.461134 0.269805 0.503429 0.214506 0.601738 0.172068 0.591449
0 0.163709 0.669182 0.195859 0.634888 0.251800 0.650892 0.240226 0.744627 0.208719 0.785780
0 0.310957 0.719479 0.259516 0.760631 0.228009 0.838363 0.317387 0.911523 0.336677 0.820073
0 0.380401 0.703475 0.350823 0.791495 0.353395 0.848651 0.433128 0.833791 0.430556 0.773205
0 0.423483 0.565158 0.404835 0.661180 0.429270 0.733196 0.492927 0.650892 0.475566 0.596022
0 0.451775 0.393690 0.453061 0.495428 0.473637 0.540009 0.536008 0.451989 0.512860 0.403978
0 0.478138 0.243941 0.490998 0.345679 0.523791 0.385688 0.564300 0.264518 0.530864 0.227938
0 0.527649 0.096479 0.541152 0.200503 0.573302 0.234797 0.611240 0.113626 0.579090 0.079332
1 0.998328 0.232510 0.555569 0.999074 0.107767 0.998400 0.081404 0.949246 0.044110 0.845222 0.017747 0.730910 0.001672 0.574303 0.000390 0.000000 0.238940 0.000457 0.249871 0.058756 0.335391 0.026749 0.342464 0.081619 0.351466 0.102195 0.270448 0.593736 0.359825 0.640604 0.443416 0.145633 0.526363 0.003887 0.527649 0.087334 0.478138 0.233653 0.447917 0.394833 0.420267 0.562872 0.400977 0.661180 0.379115 0.698903 0.346965 0.790352 0.338606 0.813214 0.313529 0.712620 0.256944 0.754915 0.244084 0.745770 0.254372 0.645176 0.197145 0.630316 0.216435 0.608596 0.274306 0.501143 0.217721 0.456561 0.182356 0.453132 0.189429 0.440558 0.237654 0.455418 0.291667 0.400549 0.264017 0.311385 0.233153 0.294239 0.233153 0.281664 0.274949 0.265661 0.309671 0.174211 0.257587 0.118198 0.219650 0.129630 0.225437 0.279378 0.226723 0.293096 0.184928 0.431413 0.177212 0.450846 0.168210 0.593736 0.210005 0.606310 0.189429 0.633745 0.159851 0.666895 0.207433 0.793781 0.240226 0.752629 0.253729 0.764060 0.223508 0.840649 0.319959 0.918381 0.340535 0.825789 0.347608 0.799497 0.350823 0.854367 0.437629 0.838363 0.434414 0.769776 0.384902 0.701189 0.402263 0.668038 0.427984 0.740055 0.497428 0.652035 0.477495 0.589163 0.426698 0.558299 0.449203 0.405121 0.450489 0.503429 0.473637 0.548011 0.540509 0.451989 0.515432 0.397119 0.453704 0.385688 0.476852 0.255373 0.487783 0.350251 0.527006 0.393690 0.568801 0.258802 0.529578 0.221079 0.482639 0.237083 0.525077 0.102195 0.538580 0.205075 0.574588 0.241655 0.615741 0.111340 0.579090 0.072474 0.532793 0.088477 0.529578 0.000457 0.999479 0.000457