4 0.677469 0.002743 0.729552 0.996113 0.786175 0.999074 0.796425 0.999074 0.741127 0.001600
2 0.001672 0.326246 0.266590 0.540009 0.280736 0.570873 0.256944 0.657750 0.152135 0.574303 0.013889 0.474851 0.015175 0.453132 0.000000 0.445869 0.000000 0.327389
3 0.329604 0.001600 0.332176 0.053041 0.397762 0.051898 0.393261 0.141061 0.390046 0.177641 0.378472 0.209648 0.366898 0.229081 0.336677 0.237083 0.339892 0.478281 0.361754 0.458848 0.380401 0.455418 0.396476 0.469136 0.404835 0.501143 0.409979 0.545725 0.408693 0.610882 0.406121 0.668038 0.390689 0.721765 0.364969 0.784636 0.355324 0.796068 0.343750 0.785780 0.335391 0.759488 0.330247 0.728624 0.285237 0.805213 0.255015 0.821216 0.233153 0.814358 0.186214 0.782350 0.172068 0.780064 0.159851 0.785780 0.149563 0.805213 0.100397 0.999074 0.157279 0.999074 0.164995 0.974394 0.226723 0.961820 0.236368 0.969822 0.240869 0.983539 0.240869 0.999074 0.486497 0.999074 0.473637 0.981253 0.465278 0.948102 0.455633 0.874943 0.415123 0.877229 0.405478 0.961820 0.397119 0.973251 0.381687 0.970965 0.345679 0.946959 0.343107 0.924097 0.347608 0.909236 0.382973 0.845222 0.397762 0.834934 0.410622 0.839506 0.414480 0.856653 0.413837 0.870370 0.456276 0.866941 0.448560 0.733196 0.437629 0.389118 0.431199 0.199360 0.435057 0.065615 0.440201 0.015318 0.449203 0.001600
0 0.053112 0.248514 0.034465 0.314815 0.053112 0.330818 0.047968 0.355967 0.061471 0.368541 0.068544 0.345679 0.084619 0.360540 0.104552 0.282807 0.060185 0.253086
0 0.116127 0.294239 0.096193 0.369684 0.112912 0.386831 0.109053 0.403978 0.127701 0.419982 0.132202 0.399406 0.146991 0.414266 0.165638 0.321674
0 0.182999 0.328532 0.159208 0.424554 0.173354 0.437128 0.168853 0.454275 0.182999 0.467993 0.187500 0.453132 0.200360 0.465706 0.228009 0.359396
0 0.246013 0.374257 0.227366 0.433699 0.226723 0.457705 0.222865 0.485139 0.237011 0.497714 0.246013 0.474851 0.262731 0.465706 0.280093 0.394833
0 0.305813 0.437128 0.269162 0.471422 0.267876 0.491998 0.253086 0.500000 0.257587 0.526292 0.273663 0.516004 0.276878 0.532007 0.319316 0.524005 0.327032 0.516004
0 0.278807 0.591449 0.298097 0.599451 0.301955 0.558299 0.330890 0.566301 0.330247 0.681756 0.294239 0.666895 0.298097 0.629172 0.274306 0.618884
0 0.190715 0.620027 0.182999 0.645176 0.165638 0.633745 0.145062 0.716049 0.188786 0.756059 0.213220 0.677183 0.199717 0.657750 0.206147 0.634888
0 0.130916 0.567444 0.121271 0.591449 0.107124 0.578875 0.081404 0.666895 0.125772 0.704618 0.133488 0.710334 0.155350 0.622314 0.139275 0.604024 0.145705 0.577732
0 0.063400 0.513717 0.054398 0.546868 0.029964 0.529721 0.007459 0.616598 0.055684 0.657750 0.064686 0.666895 0.087191 0.581161 0.070473 0.561728 0.078189 0.527435
1 0.000386 0.451989 0.011960 0.458848 0.010674 0.477138 0.058256 0.511431 0.052469 0.540009 0.028678 0.522862 0.002958 0.620027 0.065972 0.673754 0.091692 0.577732 0.074974 0.559442 0.081404 0.532007 0.126415 0.564015 0.121914 0.582305 0.105195 0.570873 0.077546 0.670325 0.135417 0.718336 0.158565 0.617741 0.144419 0.604024 0.150206 0.581161 0.192001 0.610882 0.181713 0.637174 0.163709 0.628029 0.140561 0.719479 0.190072 0.758345 0.218364 0.677183 0.205504 0.653178 0.210648 0.633745 0.194573 0.616598 0.258230 0.662323 0.271091 0.622314 0.292953 0.633745 0.291024 0.669182 0.331533 0.689758 0.330247 0.719479 0.283308 0.797211 0.255015 0.814358 0.233796 0.806356 0.186857 0.776635 0.171425 0.774348 0.155993 0.780064 0.144419 0.806356 0.096310 0.999074 0.000000 0.999074
1 0.334105 0.681756 0.334105 0.712620 0.346965 0.693187 0.339892 0.495428 0.336677 0.477138 0.332819 0.230224 0.327675 0.045039 0.325746 0.000457 0.001672 0.001600 0.001672 0.319387 0.043467 0.354824 0.049254 0.334248 0.029964 0.315958 0.051183 0.239369 0.107767 0.281664 0.084619 0.367398 0.070473 0.352538 0.066615 0.370828 0.103266 0.403978 0.107124 0.389118 0.091049 0.371971 0.114841 0.287380 0.168853 0.319387 0.147634 0.422268 0.134131 0.407407 0.132202 0.424554 0.163709 0.450846 0.168853 0.440558 0.155993 0.427984 0.181713 0.319387 0.231867 0.357110 0.201003 0.471422 0.190072 0.459991 0.187500 0.470279 0.253086 0.522862 0.249871 0.495428 0.264017 0.487426 0.264017 0.473708 0.249871 0.479424 0.238297 0.503429 0.219650 0.485139 0.223508 0.455418 0.222865 0.430270 0.244084 0.367398 0.283308 0.391404 0.267876 0.463420 0.308385 0.430270 0.330247 0.518290 0.321245 0.529721 0.274949 0.540009 0.271734 0.522862 0.266590 0.533150 0.284594 0.567444 0.280736 0.586877 0.296168 0.593736 0.299383 0.551440 0.334105 0.560585