4 0.210022 0.000205 0.214844 0.000205 0.214844 0.035475 0.172045 0.204542 0.158888 0.204542
2 0.042895 0.114728 0.040645 0.125139 0.070992 0.146648 0.120911 0.083495 0.126435 0.095393 0.075220 0.163238 0.040031 0.135894 0.038798 0.140120 0.036810 0.138691 0.033214 0.151550 0.034098 0.152449 0.021491 0.204997 0.000000 0.204546 0.000061 0.117846 0.005758 0.104876 0.010912 0.090086 0.015930 0.092589 0.021627 0.070062 0.032477 0.028876 0.044006 0.034564 0.054714 0.000000 0.068963 0.000000 0.038717 0.112158
2 0.006165 0.000205 0.012268 0.021139 0.039937 0.002935 0.039587 0.000000
0 0.072215 0.004825 0.084833 0.013927 0.082079 0.024959 0.068433 0.016478
0 0.068433 0.032682 0.062391 0.027648 0.063707 0.021925 0.068680 0.025649 0.072749 0.021856 0.081421 0.027579 0.076078 0.048679 0.065392 0.041094
0 0.059556 0.042956 0.061816 0.044128 0.064981 0.042198 0.075338 0.049810 0.072489 0.061870 0.061857 0.053782 0.062350 0.049782 0.058405 0.047369
0 0.056514 0.051713 0.072174 0.063780 0.069584 0.074330 0.053884 0.064125
0 0.055199 0.082053 0.050842 0.077019 0.051952 0.072399 0.055856 0.075088 0.060830 0.071020 0.068885 0.077226 0.063460 0.098602 0.053020 0.091017
0 0.081175 0.114116 0.088326 0.116116 0.089148 0.118322 0.091738 0.114875 0.089189 0.110117 0.091614 0.106117 0.084561 0.088721 0.078864 0.110110
0 0.098807 0.100256 0.092272 0.100187 0.085782 0.087355 0.099341 0.070951 0.104520 0.082604 0.099588 0.089017 0.104274 0.101498 0.101191 0.105083
0 0.116255 0.060121 0.118571 0.048334 0.124537 0.046621 0.132074 0.050112 0.136038 0.056631 0.132937 0.069010 0.128580 0.067101 0.125558 0.070591 0.125205 0.081127 0.121083 0.079678 0.121986 0.071908
0 0.114607 0.126760 0.116805 0.124456 0.114293 0.114842 0.116766 0.112471 0.119121 0.119715 0.123949 0.122612 0.125465 0.127990 0.120175 0.145739
0 0.106404 0.164821 0.118925 0.148820 0.116569 0.141247 0.109858 0.133938 0.108209 0.122875 0.105501 0.126497 0.107503 0.138350 0.103342 0.140589
0 0.056093 0.179383 0.068714 0.188295 0.071917 0.174895 0.068978 0.166741 0.070560 0.160737 0.064645 0.156565 0.062196 0.165604 0.059107 0.166804
0 0.045091 0.169807 0.054755 0.177259 0.057875 0.165028 0.055874 0.158088 0.057705 0.151660 0.054823 0.149726 0.051907 0.156552 0.047906 0.157690
0 0.033625 0.161869 0.043599 0.168783 0.046617 0.156211 0.044956 0.149271 0.046380 0.143411 0.042752 0.141193 0.040310 0.146142 0.036716 0.149433
3 0.174564 0.195282 0.172221 0.204982 0.183219 0.204982 0.191004 0.194584 0.193272 0.192809 0.195993 0.192365 0.198903 0.193823 0.201359 0.196550 0.202947 0.200417 0.203702 0.204982 0.213906 0.204997 0.214844 0.200861 0.214844 0.148173 0.176794 0.197374 0.175471 0.197247
3 0.211752 0.048440 0.203816 0.079381 0.205517 0.076464 0.208540 0.073991 0.211261 0.073674 0.214844 0.075100 0.214844 0.061501 0.213151 0.058077 0.212130 0.054400
3 0.195312 0.057443 0.178835 0.123509 0.183483 0.094534 0.184504 0.080649 0.184957 0.063974 0.184731 0.051230 0.183635 0.037535 0.181594 0.029926 0.178495 0.025932 0.174715 0.024600 0.169576 0.027771 0.167119 0.033223 0.165267 0.038359 0.151473 0.092188 0.130082 0.177529 0.128969 0.196634 0.129378 0.204997 0.113918 0.204997 0.113973 0.202333 0.107082 0.166997 0.121269 0.148020 0.129564 0.129438 0.131298 0.131279 0.133302 0.130925 0.134910 0.128227 0.150744 0.065018 0.151506 0.058793 0.151975 0.053789 0.151147 0.049665 0.148882 0.046422 0.144794 0.042947 0.142889 0.044708 0.141066 0.052353 0.116413 0.034805 0.085925 0.074250 0.070952 0.133670 0.068787 0.134073 0.057663 0.126104 0.077146 0.054275 0.077446 0.050139 0.090074 0.000202 0.109918 0.000101 0.114128 0.006759 0.106682 0.018900 0.105687 0.018018 0.103768 0.017576 0.102376 0.018775 0.101304 0.021331 0.101229 0.024676 0.102057 0.027169 0.104220 0.028620 0.105762 0.028210 0.106966 0.026790 0.107643 0.025054 0.107850 0.022467 0.107267 0.020100 0.106759 0.019090 0.114207 0.006973 0.128356 0.017130 0.131583 0.017506 0.134670 0.017695 0.136550 0.017647 0.137785 0.016941 0.147877 0.023282 0.147872 0.025500 0.148535 0.027563 0.149481 0.029574 0.153834 0.032643 0.155695 0.032538 0.157304 0.031162 0.158281 0.029521 0.159795 0.023065 0.159732 0.020208 0.159007 0.017139 0.158155 0.015710 0.153708 0.012588 0.152383 0.012746 0.151121 0.013540 0.149733 0.015181 0.147935 0.022959 0.137842 0.016650 0.138721 0.015789 0.139575 0.013885 0.140356 0.010403 0.140039 0.006594 0.139197 0.003303 0.136453 0.000116 0.174973 0.000116 0.172968 0.008202 0.180461 0.012923 0.181622 0.011979 0.181939 0.009677 0.180778 0.000057 0.188799 0.000116 0.192739 0.056832 0.193442 0.058131 0.194568 0.058308
3 0.032798 0.164151 0.022497 0.204997 0.090480 0.204997
1 0.032799 0.163832 0.031730 0.163142 0.034402 0.152247 0.033539 0.151489 0.036827 0.139146 0.039005 0.140594 0.040115 0.136319 0.075215 0.163418 0.071804 0.191620 0.068516 0.189207 0.068783 0.188466 0.072109 0.174699 0.069144 0.166723 0.070728 0.160564 0.064641 0.156326 0.062130 0.165381 0.058976 0.166618 0.055933 0.179464 0.068673 0.188440 0.068391 0.189151 0.054238 0.179095 0.054834 0.177490 0.058035 0.164881 0.056011 0.158063 0.057831 0.151535 0.054787 0.149508 0.051837 0.156326 0.047852 0.157458 0.044949 0.169856 0.054771 0.177463 0.054112 0.179043 0.042988 0.171146 0.043710 0.168908 0.046785 0.156063 0.045138 0.149245 0.046534 0.143296 0.042753 0.140927 0.040211 0.145981 0.036681 0.149298 0.033480 0.161906 0.043506 0.168935 0.042831 0.171040
1 0.126466 0.095751 0.099760 0.131223 0.104218 0.169351 0.119373 0.150317 0.118982 0.149089 0.106384 0.165157 0.103218 0.140449 0.107322 0.138177 0.105364 0.126435 0.108301 0.122521 0.109967 0.133774 0.116654 0.141043 0.119507 0.150236 0.121133 0.147753 0.120091 0.145936 0.114467 0.126785 0.116654 0.124303 0.114175 0.114867 0.116842 0.112072 0.119196 0.119480 0.124112 0.122416 0.125632 0.128147 0.120279 0.145971 0.121320 0.147578 0.129528 0.129196 0.125112 0.117803 0.127445 0.106899 0.127528 0.098058
1 0.127657 0.097907 0.121159 0.083480 0.118985 0.077669 0.116764 0.072860 0.120204 0.068651 0.121878 0.071870 0.120933 0.079856 0.125322 0.081317 0.125677 0.070615 0.128698 0.067187 0.132945 0.069214 0.136214 0.056396 0.132127 0.049689 0.124469 0.046290 0.118552 0.048198 0.115958 0.060450 0.112724 0.054309 0.100942 0.069290 0.112517 0.093806 0.105042 0.103375 0.099804 0.089080 0.104677 0.082708 0.099385 0.070666 0.085580 0.087278 0.092286 0.100462 0.098756 0.100594 0.101196 0.105368 0.104393 0.101744 0.104890 0.103520 0.102057 0.107010 0.093413 0.117997 0.091867 0.115009 0.089431 0.110043 0.091841 0.106132 0.084611 0.088377 0.078743 0.110350 0.081179 0.114481 0.088252 0.116371 0.089064 0.118656 0.091658 0.115229 0.093282 0.118217 0.071016 0.146211 0.055123 0.134918 0.057580 0.126417 0.068751 0.134467 0.071131 0.133952 0.086025 0.074382 0.116504 0.035162 0.141148 0.052679 0.131321 0.093380
0 0.072617 0.003478 0.085252 0.012254 0.087983 0.001987 0.085186 0.000000 0.073637 0.000055
1 0.063634 0.103831 0.044847 0.090031 0.048795 0.075182 0.050701 0.077079 0.055105 0.082192 0.052861 0.091041 0.063511 0.098822 0.069020 0.077135 0.060748 0.070702 0.055875 0.074832 0.051873 0.072079 0.050768 0.076826 0.048893 0.074944 0.052191 0.062696 0.053698 0.064016 0.069690 0.074523 0.072319 0.063567 0.056411 0.051431 0.053765 0.063820 0.052225 0.062387 0.056545 0.046262 0.062205 0.049942 0.061719 0.053819 0.072553 0.062106 0.073317 0.061815 0.075483 0.049661 0.064884 0.041908 0.061803 0.043874 0.059475 0.042694 0.058253 0.047133 0.056662 0.045981 0.061719 0.027328 0.068250 0.032778 0.065252 0.041093 0.076103 0.048959 0.081528 0.027412 0.072637 0.021541 0.068668 0.025305 0.063628 0.021597 0.062288 0.027468 0.061786 0.027019 0.065202 0.014630 0.082198 0.025305 0.085011 0.013787 0.072134 0.004517 0.068300 0.016484 0.065269 0.014518 0.069104 0.000050 0.073491 0.000050 0.072469 0.003478 0.085313 0.012523 0.088176 0.001904 0.085355 0.000000 0.089968 0.000022 0.077258 0.050082 0.076990 0.054324