0 2.720859 0.144422 2.717048 0.246048 2.650991 0.347674 2.653532 0.598351 2.833918 0.596093 2.833918 0.334124 2.779294 0.243790 2.778023 0.142164
0 2.915218 0.144422 2.913948 0.255081 2.841540 0.361224 2.846621 0.602868 3.058765 0.598351 3.057495 0.349932 2.986357 0.255081 2.983816 0.142164
0 2.001855 0.568993 2.003125 0.677394 2.069182 0.677394 2.131428 0.828704 2.290218 0.826445 2.286408 0.431233 2.113643 0.447042 2.071723 0.571251
0 2.286408 0.844512 2.288948 1.214883 2.139050 1.226174 2.083155 1.099706 2.013288 1.095190 2.009477 0.980014 2.081885 0.968722 2.131428 0.851287
0 2.135239 1.298442 2.080615 1.427168 2.017099 1.431685 2.017099 1.549119 2.076804 1.551378 2.136509 1.677846 2.285137 1.677846 2.283867 1.296183
0 2.138136 1.705580 2.077160 1.834306 2.017455 1.836564 2.018725 1.949482 2.068268 1.951741 2.139985 2.079272 2.279788 2.076023 2.277872 1.705580
0 2.061560 0.169264 2.008206 0.171522 2.005666 0.288957 2.067912 0.284440 2.132698 0.410908 2.288948 0.408650 2.286408 0.038279 2.135239 0.038279
0 2.897434 1.321025 2.901245 1.433943 2.849162 1.436201 2.793267 1.535569 2.643369 1.540086 2.640828 1.221658 2.790727 1.219399 2.845351 1.323284
0 2.644639 1.564928 2.645910 1.876581 2.795808 1.872064 2.851702 1.765921 2.906326 1.768180 2.906326 1.648487 2.844080 1.655262 2.795808 1.562669
0 2.964761 1.650745 2.966032 1.763663 3.025737 1.763663 3.082901 1.872064 3.220097 1.872064 3.222637 1.555894 3.068928 1.555894 3.023196 1.650745
0 2.969842 1.321025 2.971113 1.438460 3.020655 1.431685 3.076550 1.535569 3.221367 1.540086 3.220097 1.212624 3.067658 1.217141 3.018115 1.316509
0 2.146395 2.110474 2.085419 2.239200 2.025714 2.241459 2.026984 2.354376 2.076527 2.356635 2.148244 2.484166 2.288047 2.480918 2.286131 2.110474
0 2.150934 2.505447 2.089958 2.634174 2.030253 2.636432 2.031523 2.749350 2.081066 2.751608 2.152783 2.879140 2.292586 2.875891 2.290669 2.505447
0 2.297024 2.926587 2.163095 2.929894 2.090551 3.134921 2.023586 3.138228 2.021726 3.270503 2.088690 3.273810 2.157515 3.452381 2.297024 3.442460
0 2.068475 3.520003 2.008530 3.654525 1.949568 3.652778 1.950550 3.785552 2.006564 3.782058 2.081250 3.937544 2.231604 3.939291 2.225708 3.520003
0 2.479167 3.938492 2.480655 4.187169 2.561012 4.290344 2.561012 4.335317 2.635417 4.340608 2.635417 4.295635 2.706845 4.184524 2.706845 3.933201
0 2.727679 3.938492 2.730655 4.181878 2.808036 4.306217 2.812500 4.337963 2.877976 4.337963 2.879464 4.298280 2.956845 4.176587 2.956845 3.930556
0 2.973214 3.927910 2.976190 4.181878 3.047619 4.292989 3.049107 4.335317 3.117560 4.337963 3.117560 4.279762 3.196429 4.163360 3.193452 3.927910
0 2.651786 2.470238 2.781250 2.462302 2.846726 2.597222 2.912202 2.594577 2.909226 2.718915 2.846726 2.718915 2.788690 2.856481 2.653274 2.859127
0 2.651786 2.893519 2.781250 2.885582 2.846726 3.020503 2.912202 3.017857 2.912202 3.134259 2.846726 3.142196 2.788690 3.279762 2.653274 3.282407
0 2.971726 2.591931 2.973214 2.716270 3.037202 2.718915 3.102679 2.859127 3.233631 2.856481 3.229167 2.446429 3.101190 2.446429 3.032738 2.591931
0 2.976190 3.015212 2.977679 3.139550 3.041667 3.142196 3.107143 3.282407 3.238095 3.279762 3.235119 2.875000 3.102679 2.875000 3.037202 3.015212
3 2.412109 0.011285 2.425130 2.592303 2.430013 3.431424 2.446289 3.503762 2.488607 3.596354 2.558594 3.703414 2.664388 3.743924 2.742513 3.749711 2.918294 3.749711 3.198242 3.723669 3.308919 3.764178 3.347982 3.830729 3.387044 4.044850 3.390299 4.331308 3.479818 4.334201 3.478190 4.131655 3.484701 4.013021 3.499349 3.903067 3.541667 3.784433 3.597005 3.764178 3.662109 3.816262 3.699544 4.018808 3.709310 4.334201 3.852539 4.339988 3.815104 4.230035 3.798828 4.099826 3.797201 4.010127 3.792318 3.645544 3.785807 2.982928 3.691406 2.980035 3.691406 3.168113 3.670247 3.341725 3.644206 3.457465 3.587240 3.500868 3.530273 3.445891 3.491211 3.330150 3.470052 3.144965 3.461914 2.710938 3.468424 2.528646 3.489583 2.421586 3.502604 2.346354 3.538411 2.285590 3.595378 2.279803 3.631185 2.334780 3.668620 2.505498 3.688151 2.716725 3.693034 2.968461 3.785807 2.971354 3.782552 2.864294 3.787435 2.488137 3.815104 2.360822 3.865560 2.291377 3.933919 2.236400 4.077148 2.236400 4.156901 2.233507 4.233398 2.294271 4.264323 2.404225 4.259440 1.492766 4.181315 1.214988 4.108073 1.333623 4.161784 1.553530 4.202474 1.750289 4.233398 1.961516 4.192708 2.025174 4.090169 2.045428 3.969727 2.045428 3.902995 2.030961 3.823242 1.955729 3.785807 1.848669 3.764648 1.579572 3.761393 1.261285 3.774414 1.157118 3.790690 1.076100 3.813477 1.018229 3.885091 0.963252 3.933919 0.966146 3.976237 0.992188 4.008789 1.029803 4.031576 1.078993 4.082031 1.238137 4.106445 1.322049 4.176432 1.206308 3.772786 0.008391 3.655599 0.014178 3.657227 0.425058 3.619792 0.671007 3.566081 0.731771 3.557943 0.997975 3.595378 1.009549 3.624674 1.055845 3.647461 1.145544 3.665365 1.281539 3.675130 1.452257 3.675130 1.660590 3.657227 1.828414 3.623047 1.964410 3.564453 2.022280 3.510742 1.978877 3.468424 1.831308 3.450521 1.692419 3.448893 1.550637 3.453776 1.301794 3.471680 1.148438 3.518880 1.012442 3.548177 0.997975 3.554688 0.734664 3.518880 0.720197 3.479818 0.650752 3.445638 0.471354 3.434245 0.005498 3.344727 0.005498 3.347982 0.370081 3.351237 0.540799 3.331706 0.647859 3.307292 0.708623 3.269857 0.757812 3.204753 0.786748 3.113607 0.789641 3.116862 0.925637 3.234049 0.954572 3.286133 1.003762 3.312174 1.032697 3.338216 1.105035 3.347982 1.191840 3.361003 1.877604 3.330078 1.975984 3.287760 2.033854 3.225911 2.077257 3.177083 2.100405 3.009440 2.111979 3.009983 2.201003 3.114149 2.208719 3.195621 2.231638 3.237847 2.274306 3.303319 2.306968 3.338759 2.407407 3.364230 2.543942 3.364800 2.770062 3.373481 3.341049 3.346354 3.423997 3.299696 3.516590 3.233507 3.564815 3.078342 3.582176 2.834201 3.582176 2.674696 3.566744 2.629767 3.534212 2.597656 3.485725 2.563559 3.438481 2.544138 3.352166 2.546787 2.448211 2.575918 2.333647 2.626236 2.263026 2.693326 2.228500 3.004944 2.200251 3.003178 2.117075 2.697740 2.106089 2.635064 2.065286 2.568359 1.990451 2.539062 1.912326 2.524414 1.183160 2.555339 1.070312 2.622070 0.969039 2.714844 0.931424 2.968750 0.919850 3.111979 0.919850 3.108724 0.789641 2.643229 0.798322 2.565104 0.734664 2.534180 0.659433 2.517904 0.558160 2.513021 0.361400 2.506510 0.014178
1 1.931655 3.786008 1.933464 3.541667 2.015495 3.412037 1.998568 0.027778 2.407227 0.025752 2.412109 0.236979 2.290039 0.251447 2.287532 0.036897 2.133807 0.036897 2.061521 0.168210 2.008491 0.168210 2.004388 0.292789 2.068150 0.290544 2.131597 0.417368 2.289741 0.414001 2.290688 0.258558 2.412847 0.240600 2.412405 0.738215 2.290226 0.737254 2.289583 0.432042 2.110828 0.442330 2.069676 0.569216 2.004733 0.564643 2.000874 0.689243 2.065818 0.688100 2.130118 0.837849 2.293441 0.836706 2.290869 0.748685 2.412397 0.748685 2.414969 1.216221 2.294084 1.213935 2.291512 0.842421 2.129475 0.843564 2.079964 0.961305 2.007305 0.972737 2.007948 1.107625 2.078678 1.114483 2.137191 1.242513 2.293441 1.224223 2.414969 1.221936 2.418184 1.687186 2.287654 1.682613 2.288297 1.292810 2.135905 1.287094 2.078678 1.419696 2.015664 1.423125 2.012449 1.554584 2.076749 1.555727 2.135905 1.687186 2.288940 1.684899 2.418827 1.694044 2.421399 2.075846 2.285725 2.075846 2.282510 1.702046 2.141692 1.697474 2.074820 1.826646 2.014378 1.830075 2.015021 1.958105 2.067747 1.956962 2.137834 2.091850 2.286368 2.084991 2.422042 2.084991 2.423328 2.470222 2.292798 2.483939 2.291512 2.105567 2.145550 2.105567 2.083822 2.232453 2.024023 2.238169 2.025952 2.360482 2.076749 2.363912 2.147479 2.488512 2.294084 2.489655 2.422685 2.474794 2.424614 2.870313 2.295370 2.874886 2.293441 2.505658 2.153266 2.497657 2.089609 2.627972 2.027881 2.630258 2.029167 2.758288 2.079964 2.760574 2.155195 2.887460 2.296656 2.884031 2.425257 2.877172 2.427829 3.435014 2.301800 3.439586 2.301800 2.921754 2.160983 2.922897 2.088323 3.127515 2.021451 3.132087 2.018879 3.274977 2.088966 3.280693 2.155838 3.460162 2.303086 3.446445 2.429115 3.444159 2.442618 3.508173 2.227212 3.518461 2.064532 3.517318 2.009877 3.643061 1.946219 3.648777 1.948148 3.795096 2.003447 3.791667 2.078035 3.948274 2.236214 3.949417 2.230427 3.526463 2.443261 3.516175 2.486343 3.604195 2.557716 3.711648 2.556430 3.929984 2.478627 3.931127 2.478627 4.197474 2.559645 4.301497 2.558359 4.335791 2.640664 4.341507 2.638092 4.300354 2.709465 4.192901 2.711394 3.932270 2.559645 3.928841 2.562860 3.716221 2.661883 3.751658 2.741615 3.759659 2.836137 3.760802 2.839995 3.927698 2.723611 3.932270 2.723611 4.186043 2.803987 4.308356 2.807845 4.339220 2.885005 4.341507 2.883076 4.298068 2.961523 4.180327 2.959594 3.924268 2.843210 3.925412 2.841281 3.761946 2.972454 3.752801 3.196219 3.731081 3.193004 3.916267 2.971168 3.920839 2.973097 4.190615 3.042541 4.293496 3.045756 4.338077 3.123560 4.338077 3.122917 4.285494 3.199434 4.179184 3.198148 3.915123 3.202006 3.735654 3.212294 3.736797 3.209722 4.340364 2.391725 4.339506 2.392882 4.304527 2.470428 4.194444 2.467535 3.940329 2.234896 3.946502 2.232002 4.179012 2.318808 4.305556 2.321701 4.335391 1.937847 4.339506 1.936458 4.245679 1.937153 4.226543 1.936806 4.208642 1.943750 4.211728 2.001389 4.219753 2.057812 4.335391 2.178183 4.331276 2.175289 3.951646 2.076910 3.953704 2.006308 4.098765 1.943808 4.099794 1.943808 4.209877 1.935706 4.205761
1 2.697236 2.232728 2.639143 2.460648 2.651162 2.887999 2.784375 2.882657 2.847476 3.010862 2.917588 3.009081 2.915585 3.146189 2.847476 3.147970 2.795393 3.277956 2.651162 3.285078 2.642147 2.460648 2.649159 2.868412 2.783373 2.870192 2.845473 2.724181 2.910577 2.724181 2.911579 2.587073 2.847476 2.590634 2.784375 2.455306 2.644151 2.457087 2.693830 2.240385 2.627324 2.274573 2.578446 2.345798 2.552003 2.455484 2.548798 3.350071 2.569631 3.436966 2.603285 3.482550 2.630529 3.518162 2.676202 3.555199 2.834856 3.568020 3.078446 3.566595 3.232091 3.552172 3.297196 3.500534 3.337260 3.416845 3.366306 3.331375 3.358293 2.790064 3.237099 2.868412 3.097877 2.873754 3.035777 3.009081 2.972676 3.007301 2.968670 3.146189 3.038782 3.147970 3.105889 3.286859 3.241106 3.285078 3.237099 2.854167 3.231090 2.437500 3.099880 2.442842 3.030769 2.583511 2.965665 2.587073 2.968670 2.724181 3.037780 2.725962 3.103886 2.863070 3.241106 2.859509 3.360296 2.782942 3.354287 2.546118 3.327244 2.417913 3.298197 2.312856 3.244111 2.255876 3.193029 2.243412 3.113902 2.220264 3.007732 2.211360
2 1.470170 0.795034 1.482008 2.171296 1.770833 2.183923 1.775568 1.922980 1.801610 1.927189 1.806345 1.413721 1.773201 1.413721 1.761364 0.773990
2 1.709280 0.125842 1.711648 0.702441 1.815814 0.715067 1.825284 1.018098 1.915246 1.009680 1.919981 0.012205 1.725852 0.007997 1.716383 0.066919 1.770833 0.079545 1.761364 0.125842
2 1.081913 1.826178 1.015625 1.758838 0.951705 1.805135 0.928030 1.922980 0.930398 2.116582 0.958807 2.305976 1.008523 2.529040 1.093750 2.688973 1.157670 2.726852 1.219223 2.684764 1.252367 2.503788 1.238163 2.348064 1.176610 2.053451
1 1.702178 2.890993 1.704545 3.358165 1.794508 3.366582 1.801610 3.164562 1.834754 3.160354 1.834754 3.055135 1.801610 3.059343 1.799242 2.878367
2 1.858428 2.339646 1.858428 3.219276 1.801610 3.433923 1.803977 4.077862 1.867898 4.069444 1.867898 3.518098 1.924716 3.286616 1.941288 3.181397 1.934186 2.335438
1 2.540952 1.910703 2.568759 1.988387 2.634966 2.063716 2.698084 2.103735 3.008377 2.108443 3.176545 2.099812 3.225980 2.075487 3.286450 2.032329 3.329705 1.972693 3.359278 1.880100 3.346478 1.191149 3.335885 1.107188 3.311167 1.038136 3.283801 1.006748 3.232159 0.958883 3.119165 0.929065 3.111220 0.925141 2.969094 0.922003 2.717064 0.933773 2.622608 0.973007 2.555959 1.075016 2.526386 1.184087 2.639822 1.217043 2.794306 1.217043 2.847714 1.319052 2.900238 1.318267 2.968212 1.318267 3.018088 1.314344 3.067964 1.213905 3.221566 1.209196 3.223259 1.542249 3.076843 1.539659 3.020025 1.434764 2.970127 1.442534 2.968306 1.324689 2.900197 1.323394 2.902746 1.436059 2.849934 1.439297 2.794937 1.536422 2.643058 1.542249 2.644515 1.562322 2.796030 1.560379 2.843743 1.650382 2.907117 1.646497 2.964663 1.648440 3.022939 1.648440 3.070287 1.551962 3.223623 1.553257 3.221802 1.873770 3.080121 1.875065 3.026581 1.767580 2.964299 1.766285 2.963935 1.652325 2.908209 1.651030 2.908209 1.771465 2.852848 1.768875 2.796758 1.873122 2.645243 1.877655 2.643324 1.566640 2.641804 1.544336 2.639523 1.223304 2.526612 1.186807 2.539918 1.901865
1 2.511574 0.011831 2.518519 0.359568 2.523148 0.557099 2.537037 0.659979 2.567130 0.727881 2.645833 0.791667 3.115356 0.785394 3.204402 0.783403 3.268806 0.753534 3.305208 0.706740 3.330410 0.646008 3.349451 0.538481 3.342731 0.006820 2.983188 0.001842 2.985428 0.143220 2.987088 0.254463 3.059030 0.348388 3.060529 0.602851 2.846201 0.604849 2.840205 0.361044 2.912148 0.253131 2.914021 0.141886 2.982966 0.139888 2.981842 0.000666 2.775382 0.001998 2.779129 0.140554 2.781003 0.241807 2.835334 0.332401 2.835334 0.600187 2.651356 0.600853 2.649858 0.345723 2.715805 0.245803 2.719927 0.140554 2.778380 0.139888 2.774258 0.001998