2 0.342464 0.005030 0.335391 0.503429 0.413194 0.502286 0.417038 0.000000 0.343750 0.000000
2 0.951389 0.022176 0.961034 0.210791 0.989326 0.207362 0.982253 0.019890
0 0.599023 0.248514 0.523148 0.247371 0.479424 0.249657 0.462706 0.329675 0.457562 0.347965 0.432485 0.347965 0.432485 0.397119 0.464635 0.401692 0.465921 0.485139 0.467207 0.497714 0.507073 0.498857 0.601595 0.500000
0 0.435057 0.105624 0.432485 0.138775 0.463992 0.142204 0.470422 0.222222 0.516075 0.226795 0.597737 0.223365 0.595808 0.024463 0.471708 0.023320 0.462706 0.105624
0 0.314172 0.134202 0.285237 0.136488 0.282022 0.056470 0.238940 0.053041 0.154707 0.046182 0.150849 0.254230 0.231867 0.257659 0.283308 0.258802 0.283308 0.169639 0.314815 0.168496
0 0.310314 0.374257 0.283308 0.374257 0.282665 0.313672 0.231224 0.305670 0.229295 0.287380 0.146991 0.286237 0.141847 0.456561 0.278807 0.453132 0.282665 0.408551 0.307099 0.408551
0 0.957819 0.346822 0.941101 0.341107 0.925026 0.259945 0.800283 0.257659 0.806070 0.470279 0.909594 0.471422 0.937886 0.407407 0.944316 0.381116 0.960391 0.379973
0 0.935314 0.107910 0.918596 0.105624 0.916667 0.046182 0.916667 0.022176 0.786780 0.022176 0.794496 0.233653 0.922454 0.230224 0.923740 0.145633 0.938529 0.145633
3 0.654964 0.002743 0.663966 0.500000 0.645319 0.513717 0.644676 0.550297 0.644033 0.568587 0.632459 0.590306 0.628601 0.594879 0.496142 0.625743 0.472351 0.625743 0.445988 0.654321 0.355967 0.654321 0.330247 0.623457 0.266590 0.625743 0.140561 0.600594 0.117413 0.585734 0.108410 0.557156 0.106481 0.519433 0.108410 0.514861 0.128987 0.501143 0.134100 0.000000 0.014532 0.002743 0.019676 0.055327 0.013246 0.229081 0.000000 0.285811 0.000000 0.999074 0.137346 0.996113 0.136060 0.972108 0.105195 0.946959 0.088477 0.927526 0.082690 0.892090 0.083333 0.849794 0.090406 0.815501 0.103909 0.788066 0.122557 0.798354 0.148277 0.798354 0.159851 0.810928 0.170139 0.830361 0.172711 0.858939 0.184928 0.901235 0.174640 0.933242 0.157922 0.957247 0.141204 0.968679 0.141847 0.998400 0.318030 0.997257 0.296811 0.990398 0.280736 0.966392 0.273020 0.942387 0.266590 0.908093 0.265947 0.869227 0.269162 0.837220 0.277521 0.802926 0.292310 0.783493 0.308385 0.765203 0.323817 0.762917 0.441487 0.736626 0.480710 0.736626 0.585520 0.735482 0.609954 0.741198 0.624100 0.754915 0.640175 0.781207 0.645962 0.807499 0.651106 0.846365 0.639532 0.946959 0.630530 0.962963 0.617670 0.969822 0.499357 0.996113 0.998328 0.998400 0.998328 0.994970 0.960391 0.994970 0.935957 0.992684 0.887731 0.984682 0.822145 0.972108 0.789352 0.952675 0.777135 0.932099 0.772634 0.900091 0.773277 0.824646 0.777778 0.784636 0.788066 0.751486 0.802212 0.738912 0.917953 0.717193 0.999479 0.718299 0.999479 0.633745 0.925026 0.637174 0.838863 0.622314 0.788709 0.613169 0.779064 0.600594 0.772634 0.572016 0.764275 0.529721 0.766847 0.503429 0.742413 0.416552 0.730858 0.000000
1 0.420267 0.001600 0.415766 0.509145 0.382330 0.511431 0.383616 0.529721 0.397762 0.535437 0.408050 0.528578 0.418338 0.522862 0.604810 0.525149 0.610597 0.497714 0.633745 0.501143 0.640818 0.506859 0.660108 0.497714 0.652392 0.001600 0.472994 0.002743 0.471708 0.016461 0.599666 0.017604 0.601595 0.229081 0.511574 0.231367 0.472351 0.227938 0.479424 0.242798 0.523791 0.240512 0.602238 0.243941 0.604167 0.504572 0.507073 0.504572 0.465278 0.503429 0.462063 0.485139 0.461420 0.408551 0.429270 0.401692 0.428627 0.343393 0.454347 0.342250 0.460777 0.322817 0.476209 0.248514 0.466564 0.225652 0.460777 0.149063 0.428627 0.144490 0.433128 0.099909 0.457562 0.099909 0.467207 0.025606 0.467207 0.003887
1 0.734053 0.000457 0.746271 0.416552 0.770062 0.502286 0.777778 0.498857 0.807999 0.496571 0.839506 0.497714 0.889660 0.497714 0.914738 0.493141 0.940458 0.478281 0.955247 0.456561 0.967464 0.481710 0.993184 0.421125 0.980324 0.405121 0.984182 0.387974 0.999479 0.399940 0.999479 0.000000 0.788709 0.002743 0.789995 0.015318 0.919239 0.016461 0.922454 0.096479 0.938529 0.099909 0.943030 0.150206 0.928241 0.151349 0.926955 0.231367 0.956533 0.216507 0.948174 0.017604 0.986754 0.013032 0.992541 0.210791 0.963606 0.217650 0.929527 0.240512 0.797068 0.239369 0.801569 0.251943 0.928884 0.254230 0.944316 0.335391 0.961034 0.341107 0.964892 0.384545 0.948174 0.386831 0.941744 0.411980 0.910880 0.479424 0.802855 0.475995 0.795782 0.258802 0.790638 0.234797 0.783565 0.024463 0.782922 0.000457
1 0.337963 0.005030 0.331533 0.505716 0.305170 0.520576 0.244084 0.522862 0.154064 0.525149 0.152778 0.510288 0.133488 0.503429 0.137306 0.000000 0.287809 0.000457 0.283951 0.049611 0.151492 0.039323 0.147634 0.261088 0.231867 0.263374 0.283308 0.265661 0.283308 0.306813 0.235725 0.301097 0.232510 0.280521 0.145062 0.279378 0.138632 0.463420 0.280093 0.459991 0.285880 0.414266 0.309671 0.413123 0.312886 0.370828 0.287166 0.366255 0.287809 0.314815 0.288452 0.253086 0.287166 0.175354 0.318673 0.174211 0.317387 0.127343 0.289738 0.128487 0.287166 0.059899 0.291667 0.003887