2 0.820216 0.328532 0.816358 0.432556 0.767490 0.455418 0.768776 0.401692 0.700617 0.401692 0.698688 0.432556 0.647248 0.458848 0.648534 0.403978 0.579090 0.403978 0.577160 0.434842 0.528292 0.459991 0.529578 0.406264 0.458848 0.403978 0.458848 0.433699 0.408050 0.461134 0.408693 0.406264 0.339249 0.402835 0.339249 0.437128 0.287809 0.463420 0.288452 0.405121 0.219650 0.407407 0.218364 0.437128 0.168210 0.464563 0.169496 0.406264 0.100051 0.406264 0.099408 0.431413 0.000000 0.488099 0.000000 0.336534
0 0.703189 0.407407 0.701903 0.434842 0.649820 0.516004 0.649177 0.701189 0.765561 0.701189 0.768776 0.519433 0.748843 0.497714 0.747557 0.406264
0 0.820859 0.394833 0.818930 0.437128 0.773277 0.517147 0.770705 0.702332 0.874228 0.701189 0.875514 0.502286 0.872299 0.433699 0.863940 0.426840 0.854938 0.390261 0.827932 0.391404
0 0.582305 0.408551 0.580376 0.437128 0.528292 0.519433 0.529578 0.702332 0.645319 0.701189 0.645319 0.517147 0.624743 0.483996 0.622814 0.407407
0 0.462706 0.408551 0.462706 0.434842 0.409336 0.518290 0.408693 0.702332 0.526363 0.704618 0.524434 0.516004 0.509645 0.491998 0.510288 0.410837
0 0.342464 0.408551 0.342464 0.440558 0.289095 0.520576 0.289095 0.702332 0.404835 0.703475 0.405478 0.518290 0.380401 0.477138 0.381044 0.408551
0 0.222865 0.411980 0.222222 0.439415 0.168853 0.522862 0.166924 0.706904 0.285237 0.704618 0.285880 0.520576 0.263374 0.478281 0.264017 0.410837
0 0.103909 0.410837 0.102623 0.438272 0.042824 0.541152 0.039609 0.734339 0.059542 0.708048 0.163066 0.706904 0.165638 0.521719 0.146991 0.486283 0.146348 0.410837
1 0.094264 0.439415 0.000000 0.496030 0.000000 0.999074 0.569444 0.999074 0.687114 0.885231 0.788066 0.880658 0.815715 0.962963 0.919239 0.961820 0.929527 0.965249 0.937243 0.964106 0.948817 0.823503 0.951389 0.720622 0.935957 0.538866 0.904450 0.391404 0.865226 0.322817 0.798354 0.302241 0.002958 0.311385 0.002315 0.328532 0.825360 0.322817 0.822145 0.384545 0.858153 0.384545 0.866512 0.417695 0.878086 0.433699 0.880015 0.503429 0.876800 0.708048 0.766847 0.706904 0.647248 0.708048 0.528935 0.710334 0.406764 0.709191 0.287809 0.709191 0.163709 0.713763 0.060185 0.716049 0.037680 0.742341 0.040252 0.535437
1 0.165638 0.410837 0.150206 0.411980 0.150206 0.480567 0.166281 0.512574 0.214506 0.443987 0.165638 0.471422
1 0.266590 0.411980 0.266590 0.475995 0.287166 0.513717 0.336034 0.443987 0.284594 0.471422 0.285237 0.411980
1 0.384259 0.411980 0.383616 0.473708 0.406121 0.510288 0.454347 0.441701 0.405478 0.467993 0.406121 0.414266
1 0.512860 0.410837 0.512217 0.487426 0.527006 0.510288 0.573302 0.441701 0.525720 0.466850 0.526363 0.411980
1 0.626672 0.411980 0.627958 0.479424 0.646605 0.511431 0.695473 0.439415 0.644033 0.464563 0.645319 0.411980
1 0.750772 0.407407 0.752058 0.493141 0.768133 0.512574 0.812500 0.441701 0.764275 0.462277 0.764918 0.407407