2 0.354681 0.358253 0.356610 0.551440 0.704475 0.565158 0.703189 0.588020 0.923740 0.588020 0.924383 0.994970 0.999479 0.997214 0.999479 0.000000 0.937243 0.001600 0.893519 0.366255
0 0.732767 0.085048 0.732767 0.203932 0.771348 0.280521 0.775849 0.331962 0.811857 0.336534 0.811857 0.287380 0.837577 0.237083 0.857510 0.183356 0.862011 0.088477
0 0.587449 0.085048 0.586806 0.201646 0.638246 0.281664 0.641461 0.329675 0.675540 0.331962 0.676183 0.278235 0.729552 0.203932 0.728909 0.086191
0 0.447917 0.082762 0.446631 0.210791 0.483282 0.271376 0.485854 0.325103 0.530864 0.329675 0.530221 0.275949 0.582948 0.201646 0.583591 0.083905
0 0.300026 0.080476 0.322531 0.215364 0.364326 0.277092 0.372042 0.321674 0.409979 0.309099 0.404835 0.267947 0.429913 0.202789 0.413837 0.081619
0 0.296168 0.077046 0.211934 0.074760 0.200360 0.094193 0.200360 0.285094 0.273020 0.325103 0.285237 0.354824 0.313529 0.330818 0.305813 0.299954 0.319316 0.217650
0 0.319959 0.477138 0.319316 0.520576 0.287166 0.529721 0.246013 0.614312 0.195216 0.618884 0.197788 0.384545 0.199074 0.373114 0.248585 0.373114 0.287166 0.465706
0 0.316101 0.689758 0.258230 0.848651 0.193930 0.845222 0.195216 0.625743 0.250514 0.620027 0.276878 0.633745 0.285237 0.677183 0.322531 0.638317 0.335391 0.661180
0 0.378472 0.606310 0.370113 0.650892 0.318673 0.693187 0.262088 0.848651 0.415766 0.849794 0.422840 0.735482 0.404835 0.666895 0.409336 0.613169
0 0.475566 0.609739 0.472994 0.661180 0.426055 0.734339 0.418981 0.848651 0.546296 0.852080 0.545010 0.736626 0.503858 0.664609 0.501286 0.610882
0 0.592593 0.614312 0.590664 0.663466 0.548225 0.735482 0.549511 0.849794 0.676183 0.860082 0.672968 0.748057 0.629244 0.662323 0.624743 0.613169
1 0.054398 0.000000 0.059542 0.050754 0.062757 0.088477 0.066615 0.143347 0.074974 0.256516 0.071759 0.616598 0.044753 0.885231 0.039609 0.904664 0.026749 0.924097 0.011960 0.928669 0.000000 0.927526 -0.000000 0.956561 0.000000 0.993827 0.921168 0.997257 0.919882 0.593736 0.701903 0.594879 0.701260 0.570873 0.352752 0.553727 0.352752 0.351395 0.890303 0.361683 0.934309 0.000000 0.202289 0.000457 0.200360 0.086191 0.210648 0.070187 0.299383 0.071331 0.416409 0.077046 0.432485 0.197074 0.443416 0.207362 0.445345 0.078189 0.586806 0.077046 0.729552 0.079332 0.865226 0.083905 0.861368 0.184499 0.841435 0.240512 0.817001 0.287380 0.814429 0.341107 0.771991 0.336534 0.768776 0.281664 0.732124 0.210791 0.680041 0.279378 0.678755 0.335391 0.639532 0.333105 0.635031 0.283951 0.585520 0.207362 0.534079 0.275949 0.534722 0.333105 0.483282 0.328532 0.479424 0.274806 0.444702 0.213077 0.433128 0.206219 0.409336 0.269090 0.413194 0.312529 0.370113 0.328532 0.361754 0.281664 0.322531 0.223365 0.309671 0.298811 0.317387 0.333105 0.283951 0.361683 0.273020 0.333105 0.201003 0.291952 0.199717 0.366255 0.251157 0.367398 0.289738 0.458848 0.325103 0.475995 0.322531 0.526292 0.289095 0.535437 0.249871 0.613169 0.279450 0.629172 0.287166 0.670325 0.322531 0.630316 0.338606 0.658893 0.325746 0.684042 0.368827 0.647462 0.377186 0.600594 0.411908 0.608596 0.408050 0.664609 0.424769 0.728624 0.469779 0.660037 0.472994 0.605167 0.503858 0.607453 0.506430 0.663466 0.545653 0.730910 0.588092 0.661180 0.591307 0.608596 0.627315 0.609739 0.632459 0.660037 0.677469 0.748057 0.679398 0.868084 0.547582 0.857796 0.417695 0.855510 0.256944 0.855510 0.190072 0.850937 0.191358 0.622314 0.194573 0.375400 0.196502 0.280521 0.196502 0.093050 0.199055 -0.000000