0 0.232510 0.181070 0.203575 0.181070 0.193930 0.115912 0.168853 0.118198 0.170139 0.072474 0.139918 0.029035 0.139918 0.000457 0.294882 0.002743 0.294239 0.017604 0.265303 0.062186 0.252443 0.112483 0.240226 0.119342
0 0.321502 0.000000 0.318673 0.022176 0.354038 0.070187 0.356610 0.117055 0.380401 0.117055 0.388117 0.174211 0.413837 0.174211 0.424126 0.119342 0.433771 0.115912 0.447274 0.059899 0.455633 0.061043 0.483925 0.003887
0 0.502572 0.002743 0.502572 0.025606 0.539223 0.070187 0.539223 0.118198 0.565586 0.114769 0.573945 0.173068 0.601595 0.175354 0.608668 0.117055 0.636960 0.064472 0.664609 0.000457
0 0.739969 0.000000 0.739841 0.072474 0.784851 0.121628 0.795782 0.184499 0.829861 0.184499 0.830504 0.115912 0.861368 0.069044 0.860082 0.001600
0 0.897377 0.003887 0.898020 0.023320 0.936600 0.070187 0.942387 0.176497 0.970036 0.175354 0.972608 0.104481 0.997042 0.058756 0.997678 0.000000
0 0.076260 0.002743 0.068544 0.034751 0.016461 0.106767 0.014532 0.176497 0.000000 0.178744 0.000000 0.000000
0 0.017747 0.688615 0.042824 0.687471 0.043467 0.736626 0.073045 0.785780 0.068544 0.969822 0.062870 0.999074 0.000000 0.999074 0.000000 0.749200 0.014532 0.734339
0 0.219650 0.672611 0.182356 0.785780 0.174640 0.784636 0.127701 0.886374 0.127058 0.954961 0.133488 0.990398 0.139832 0.999074 0.310314 0.999074 0.312886 0.822359 0.282022 0.777778 0.280093 0.748057 0.254372 0.733196 0.241512 0.670325
0 0.404835 0.668038 0.372042 0.778921 0.365612 0.778921 0.326389 0.871513 0.326389 0.998400 0.502572 0.996113 0.500000 0.820073 0.465278 0.770919 0.461420 0.718336 0.438915 0.713763 0.427341 0.668038
0 0.592593 0.669182 0.561728 0.782350 0.551440 0.784636 0.518647 0.869227 0.521862 0.992684 0.676183 0.997257 0.687757 0.978967 0.694187 0.952675 0.691615 0.784636 0.657536 0.775492 0.654964 0.719479 0.626029 0.712620 0.620885 0.665752
0 0.804784 0.665752 0.779707 0.760631 0.770062 0.760631 0.719907 0.858939 0.717335 0.942387 0.725694 0.975537 0.741770 0.998400 0.914095 0.997257 0.908308 0.788066 0.880015 0.740055 0.845293 0.742341 0.827289 0.665752
1 0.997685 0.063329 0.977109 0.105624 0.971965 0.183356 0.940458 0.182213 0.932099 0.073617 0.894162 0.026749 0.894162 0.002743 0.864583 0.001600 0.865226 0.071331 0.834362 0.118198 0.833719 0.189072 0.792567 0.189072 0.782279 0.126200 0.735983 0.077046 0.735983 0.000000 0.669753 0.000457 0.640175 0.066758 0.612526 0.118198 0.604167 0.181070 0.572016 0.177641 0.563657 0.122771 0.537937 0.121628 0.536651 0.074760 0.498714 0.027892 0.498714 0.003887 0.487783 0.005030 0.458848 0.065615 0.449846 0.065615 0.435700 0.121628 0.427341 0.126200 0.417052 0.179927 0.385545 0.178784 0.377829 0.123914 0.354038 0.122771 0.350180 0.071331 0.314815 0.026749 0.317824 -0.000000 0.299383 0.001600 0.298097 0.022176 0.267876 0.067901 0.255658 0.117055 0.242155 0.123914 0.233796 0.186786 0.202289 0.185642 0.190715 0.121628 0.166281 0.123914 0.167567 0.078189 0.136060 0.033608 0.136703 0.002743 0.080118 0.002743 0.071759 0.038180 0.019676 0.112483 0.019033 0.181070 -0.000000 0.183673 0.000000 0.743484 0.009388 0.734339 0.015818 0.684042 0.046682 0.682899 0.046682 0.734339 0.076260 0.785780 0.072402 0.972108 0.064818 0.999074 0.132202 0.997257 0.123843 0.956104 0.125129 0.884088 0.172711 0.777778 0.181070 0.778921 0.219007 0.666895 0.243441 0.665752 0.256944 0.728624 0.282665 0.743484 0.285237 0.773205 0.315458 0.818930 0.312886 0.998400 0.322531 0.998400 0.323817 0.866941 0.363683 0.774348 0.370113 0.774348 0.403549 0.664609 0.429913 0.664609 0.442130 0.706904 0.464635 0.713763 0.469136 0.768633 0.502572 0.814358 0.506430 0.997257 0.518647 0.994970 0.516718 0.864655 0.550154 0.780064 0.560442 0.777778 0.591307 0.665752 0.623457 0.661180 0.629244 0.710334 0.658179 0.714906 0.660108 0.770919 0.694187 0.780064 0.698045 0.954961 0.690329 0.984682 0.680210 0.999074 0.736626 0.998400 0.723765 0.980110 0.712834 0.943530 0.717335 0.854367 0.769419 0.753772 0.777135 0.754915 0.803498 0.661180 0.829861 0.660037 0.847222 0.736626 0.881944 0.734339 0.910237 0.783493 0.916653 0.999074 0.999479 0.999074