2 0.176569 0.000457 0.170782 0.277092 0.138632 0.345679 0.105838 0.304527 0.104552 0.361683 0.000000 0.358283 0.000384 0.000000
2 0.192001 0.001600 0.189429 0.184499 0.213220 0.222222 0.186857 0.290809 0.165638 0.295382 0.129630 0.370828 0.082690 0.482853 0.001672 0.478281 0.001029 0.649749 0.088477 0.650892 0.094264 0.637174 0.120628 0.671468 0.363683 0.096479 0.976466 0.125057 0.998971 0.503429 0.998328 0.001600 0.998328 0.001600
1 0.000386 0.362826 0.001029 0.470279 0.079475 0.474851 0.126415 0.365112 0.132845 0.346822 0.108410 0.313672 0.108410 0.366255
1 0.179141 0.001600 0.175283 0.278235 0.170139 0.288523 0.182999 0.287380 0.208076 0.225652 0.184928 0.187929 0.187500 0.001600
0 0.073045 0.708048 0.069830 0.780064 0.001029 0.776635 0.000386 0.998400 0.162423 0.996113 0.163709 0.911523 0.127701 0.777778 0.102623 0.776635 0.103266 0.718336
0 0.161137 0.583448 0.190715 0.622314 0.149563 0.733196 0.256944 0.874943 0.359825 0.620027 0.253729 0.479424 0.217721 0.557156 0.186214 0.524005
0 0.285880 0.286237 0.253086 0.368541 0.280093 0.402835 0.271734 0.429127 0.377186 0.573160 0.416409 0.490855 0.414480 0.432556 0.428627 0.432556 0.434414 0.314815 0.363683 0.229081 0.318673 0.322817
0 0.528935 0.122771 0.528292 0.169639 0.440844 0.162780 0.440201 0.363969 0.474923 0.433699 0.635674 0.446273 0.634388 0.175354 0.560442 0.169639 0.557870 0.125057
0 0.698045 0.119342 0.696759 0.179927 0.646605 0.175354 0.646605 0.442844 0.762346 0.449703 0.766847 0.177641 0.726980 0.173068 0.725694 0.118198
0 0.856867 0.125057 0.858153 0.184499 0.788066 0.177641 0.782922 0.442844 0.928241 0.447417 0.926312 0.198217 0.888374 0.187929 0.888374 0.126200
1 0.998971 0.997257 0.164995 0.998400 0.166281 0.906950 0.130916 0.773205 0.105195 0.772062 0.105838 0.713763 0.070473 0.703475 0.066615 0.773205 0.000000 0.770928 0.001029 0.655464 0.090406 0.657750 0.095550 0.646319 0.120628 0.678326 0.158565 0.590306 0.185571 0.624600 0.145062 0.735482 0.257587 0.881802 0.363683 0.617741 0.252443 0.471422 0.216435 0.549154 0.188143 0.519433 0.249228 0.373114 0.274949 0.405121 0.267233 0.430270 0.376543 0.580018 0.419624 0.490855 0.417695 0.437128 0.432485 0.438272 0.436343 0.307956 0.362397 0.222222 0.318030 0.313672 0.289738 0.282807 0.366255 0.103338 0.691615 0.117055 0.692901 0.169639 0.644676 0.167353 0.633745 0.167353 0.562371 0.163923 0.559799 0.120485 0.526363 0.119342 0.525720 0.163923 0.438272 0.158208 0.438272 0.368541 0.473637 0.439415 0.638246 0.450846 0.636960 0.177641 0.644033 0.176497 0.644676 0.447417 0.766847 0.454275 0.768776 0.171925 0.730195 0.167353 0.729552 0.121628 0.853652 0.125057 0.854938 0.177641 0.786137 0.171925 0.779707 0.449703 0.932099 0.454275 0.928241 0.192501 0.892876 0.181070 0.892876 0.128487 0.971322 0.130773 0.995756 0.509145