2 0.729706 0.002182 0.795433 0.472722 0.825925 0.460220 0.853029 0.650027 0.800854 0.665939 0.848282 0.998932 0.997357 0.998932 0.968221 0.764821 0.939084 0.777323 0.855062 0.190853 0.825247 0.195399 0.817794 0.140844 0.840154 0.132888 0.821872 0.000000
2 0.047364 0.001046 0.036523 0.071513 0.092086 0.098791 0.071758 0.207901 0.022293 0.188580 0.000000 0.302540 0.000000 0.362475 0.043976 0.382933 0.019583 0.532961 0.000000 0.523007 0.001965 0.996681 0.086489 0.998932 0.103605 0.906892 0.067015 0.893253 0.220423 0.000000
0 0.404459 0.254501 0.413267 0.113566 0.391584 0.088562 0.292655 0.112430 0.280458 0.132888 0.243190 0.112430 0.234381 0.145390 0.260808 0.187443 0.259453 0.223813 0.278425 0.254501 0.283168 0.332924 0.369223 0.371568
0 0.368546 0.373841 0.281813 0.337470 0.263518 0.340880 0.235059 0.411348 0.207277 0.410211 0.202534 0.442035 0.175430 0.440898 0.174753 0.514775 0.199824 0.515912 0.198469 0.534097 0.228961 0.537507 0.243190 0.614794 0.339409 0.630706 0.363803 0.546599
0 0.336021 0.695490 0.274360 0.676168 0.188982 0.760275 0.165944 0.752319 0.161201 0.800055 0.102250 0.783006 0.091408 0.790962 0.088020 0.835288 0.096829 0.853473 0.153747 0.880751 0.150359 0.917121 0.170009 0.923941 0.203879 0.998932 0.328568 0.998932
0 0.709378 0.095381 0.673465 0.124932 0.658558 0.102200 0.626711 0.115839 0.580634 0.096518 0.541334 0.113566 0.485770 0.181760 0.513552 0.205628 0.556918 0.298827 0.567760 0.346563 0.669400 0.345426 0.675498 0.323832 0.687017 0.235179 0.696504 0.170395 0.722930 0.121522
0 0.791367 0.492044 0.771039 0.480678 0.740547 0.480678 0.670755 0.353382 0.571148 0.355656 0.592831 0.423850 0.603673 0.545463 0.598252 0.680715 0.675498 0.677305 0.716154 0.590926 0.737837 0.540917 0.773750 0.540917 0.792045 0.527278
0 0.823892 0.954628 0.759520 0.933033 0.755455 0.823923 0.722252 0.800055 0.596219 0.795508 0.591476 0.996681 0.743935 0.996681 0.747323 0.983042 0.773374 0.998932 0.817116 0.998932
0 0.907237 0.002182 0.894362 0.074923 0.865903 0.084015 0.869969 0.119249 0.842187 0.136298 0.826603 0.141980 0.832701 0.185170 0.866581 0.179487 0.909947 0.211311 0.942472 0.282915 0.998035 0.265867 0.998713 0.059011 0.980790 0.000000 0.904526 0.000000
0 0.998713 0.269276 0.958734 0.281779 0.960089 0.388616 0.937729 0.407938 0.943827 0.431806 0.909947 0.473859 0.922822 0.511366 0.960767 0.487498 0.973641 0.511366 0.991259 0.495454 0.999363 0.501051
1 0.998035 0.989862 0.970253 0.760275 0.942472 0.771640 0.857772 0.185170 0.867258 0.184033 0.907914 0.214721 0.941794 0.288598 0.955346 0.285188 0.957379 0.387480 0.934341 0.407938 0.939761 0.428396 0.906559 0.473859 0.922144 0.518185 0.960089 0.494317 0.973641 0.519322 0.991937 0.502273 0.999363 0.510200
1 0.825247 0.001046 0.842865 0.126068 0.865226 0.115839 0.862515 0.078332 0.888942 0.070376 0.902494 0.001046
1 0.090053 0.997818 0.106315 0.903482 0.069047 0.889844 0.223524 0.000000 0.726996 0.000000 0.793400 0.479542 0.823215 0.465903 0.848963 0.646618 0.796788 0.662530 0.844732 0.998932 0.821859 0.998932 0.827280 0.950082 0.762908 0.927350 0.756810 0.815967 0.722930 0.793235 0.596897 0.789825 0.600285 0.688671 0.677531 0.681851 0.719542 0.590926 0.738515 0.547736 0.777815 0.546599 0.795433 0.531824 0.794078 0.489771 0.769684 0.471586 0.739870 0.474995 0.673465 0.347700 0.680241 0.322695 0.689728 0.237452 0.699892 0.170395 0.727673 0.120386 0.710733 0.089698 0.674143 0.118112 0.659913 0.096518 0.627389 0.107883 0.581989 0.090835 0.538623 0.106747 0.481027 0.182897 0.509486 0.209038 0.552175 0.303373 0.565727 0.353382 0.588765 0.424986 0.598929 0.546599 0.595541 0.682988 0.592153 0.798918 0.586733 0.998932 0.333988 0.998932 0.339409 0.693217 0.341442 0.634115 0.366513 0.548873 0.372611 0.376114 0.407847 0.256774 0.417333 0.111293 0.392262 0.081742 0.291977 0.105610 0.278425 0.127205 0.240480 0.105610 0.230316 0.145390 0.255387 0.188580 0.256065 0.227223 0.273682 0.256774 0.279103 0.331788 0.260130 0.336334 0.232349 0.406801 0.203889 0.404528 0.199824 0.436352 0.173397 0.436352 0.172042 0.520458 0.197113 0.520458 0.195081 0.538643 0.226250 0.543190 0.239802 0.618203 0.336021 0.636388 0.335344 0.688671 0.273004 0.670486 0.188305 0.752319 0.163911 0.746636 0.159168 0.792099 0.100217 0.776187 0.088020 0.786416 0.084632 0.842108 0.095474 0.860293 0.149004 0.886434 0.147649 0.920531 0.167977 0.928487 0.199136 0.998932
0 0.000000 0.000000 0.027036 0.011275 0.035167 0.097654 0.051430 0.109020 0.057528 0.151073 0.069725 0.168121 0.062949 0.201082 0.018905 0.180624 0.010774 0.221540 0.001965 0.219267