2 0.001965 0.443171 0.333988 0.444308 0.337376 0.413621 0.673465 0.429533 0.672788 0.607974 0.263518 0.589789 0.262840 0.527278 0.190337 0.531824 0.188305 0.563648 -0.000000 0.558028
0 0.758843 0.023777 0.748679 0.149936 0.760198 0.177214 0.716832 0.219267 0.728351 0.256774 0.773750 0.223813 0.792045 0.264730 0.811018 0.251091 0.816439 0.268140 0.904526 0.255637 0.905204 0.236316 0.899106 0.123795 0.862515 0.011275
0 0.755455 0.022640 0.745968 0.149936 0.729706 0.164712 0.723608 0.203355 0.700569 0.193126 0.697181 0.224950 0.676176 0.216994 0.668044 0.284052 0.640263 0.271549 0.644328 0.210175 0.626033 0.203355 0.632132 0.168121 0.612481 0.157892 0.609771 0.106747 0.611126 0.040826
0 0.599607 0.040826 0.596897 0.148800 0.575213 0.169258 0.574536 0.204492 0.552853 0.204492 0.550820 0.238589 0.531847 0.237452 0.527104 0.313602 0.499322 0.312466 0.500000 0.237452 0.478317 0.237452 0.479672 0.203355 0.459344 0.202219 0.457311 0.165848 0.445115 0.152209 0.438339 0.055601 0.502033 0.021504 0.579957 0.011275
0 0.422076 0.061284 0.435628 0.210175 0.393617 0.279505 0.393617 0.311329 0.377355 0.313602 0.378032 0.363612 0.345508 0.368158 0.343475 0.305646 0.329923 0.310193 0.321792 0.272686 0.294688 0.235179 0.279103 0.134024 0.331956 0.099927 0.350928 0.097654
0 0.266906 0.147663 0.277070 0.231769 0.277070 0.265867 0.239802 0.323832 0.244545 0.356792 0.230993 0.362475 0.237092 0.404528 0.218119 0.415894 0.208633 0.368158 0.195081 0.370431 0.189660 0.337470 0.149004 0.323832 0.137485 0.194263 0.174075 0.165848 0.224217 0.145390 0.254032 0.153346
0 0.131386 0.194263 0.145616 0.323832 0.144261 0.343153 0.112414 0.367021 0.106315 0.398845 0.092763 0.399982 0.091408 0.437489 0.064304 0.437489 0.066337 0.401118 0.052107 0.396572 0.051430 0.364748 0.014839 0.322695 0.018905 0.247681 0.050075 0.246545 0.079889 0.235179 0.104282 0.215857
0 0.027036 0.579560 0.030424 0.625023 0.019583 0.673895 0.003320 0.725041 0.002643 0.772777 0.021615 0.848927 0.033812 0.823923 0.084632 0.789825 0.101572 0.784143 0.119867 0.669349 0.082599 0.631842 0.073113 0.617067 0.057528 0.614794 0.039233 0.572740
0 0.204567 0.557965 0.188982 0.606838 0.163234 0.628432 0.124610 0.668212 0.123933 0.790962 0.242513 0.810284 0.256065 0.722768 0.230316 0.662530 0.213376 0.625023 0.217441 0.561375
0 0.394972 0.612520 0.366513 0.687534 0.331278 0.657983 0.323824 0.684124 0.262840 0.725041 0.264196 0.821649 0.383453 0.886434 0.411235 0.894390 0.430207 0.777323 0.418688 0.738680 0.407169 0.729587 0.409879 0.718221 0.397683 0.703446 0.418011 0.634115
0 0.499322 0.637525 0.497967 0.698900 0.469508 0.697763 0.455278 0.748909 0.433595 0.777323 0.415978 0.895526 0.542011 0.903482 0.579957 0.862566 0.575213 0.775050 0.548109 0.731860 0.546754 0.712539 0.529137 0.705719 0.529814 0.642071
0 0.620613 0.643208 0.622645 0.682988 0.611126 0.689807 0.577924 0.771640 0.582667 0.864839 0.751389 0.860293 0.733772 0.738680 0.668722 0.706856 0.661268 0.673895 0.654492 0.676168 0.638908 0.635252
0 0.697859 0.592062 0.707345 0.617067 0.739870 0.660256 0.731061 0.715948 0.737160 0.736407 0.754777 0.861429 0.842865 0.859156 0.883521 0.817103 0.893007 0.605701 0.787979 0.594335 0.765619 0.623886 0.726996 0.579560 0.708023 0.569331
0 0.689728 0.403392 0.689728 0.445445 0.736482 0.446581 0.745291 0.494317 0.766974 0.498863 0.766974 0.557965 0.785947 0.588652 0.893685 0.601155 0.903171 0.262457 0.815083 0.272686 0.802209 0.305646 0.775105 0.306783 0.773750 0.348836 0.747323 0.349973 0.747323 0.394299 0.693793 0.389753
1 0.998713 0.002182 -0.000000 0.001047 0.000000 0.436352 0.059561 0.436352 0.062271 0.406801 0.049397 0.401118 0.048042 0.368158 0.010096 0.323832 0.015517 0.241999 0.048042 0.239725 0.077856 0.230633 0.102927 0.211311 0.130031 0.188580 0.137485 0.188580 0.172720 0.161302 0.223540 0.139707 0.252677 0.146527 0.268939 0.139707 0.280458 0.230633 0.279103 0.270413 0.243868 0.324968 0.247933 0.360202 0.235059 0.365885 0.240480 0.407938 0.216086 0.420440 0.206600 0.373841 0.191693 0.373841 0.186949 0.342017 0.148326 0.330651 0.146971 0.347700 0.113769 0.370431 0.107670 0.403392 0.094796 0.404528 0.095474 0.437489 0.330600 0.439762 0.335344 0.407938 0.676853 0.424986 0.676176 0.613657 0.258775 0.593199 0.258775 0.532961 0.192370 0.536370 0.190337 0.568194 0.000000 0.563713 0.000000 0.719358 0.016872 0.671622 0.025003 0.625023 0.024326 0.575014 0.041266 0.567058 0.057528 0.609111 0.073790 0.610247 0.085310 0.626159 0.120545 0.663666 0.161201 0.625023 0.184917 0.604564 0.201179 0.553419 0.221507 0.557965 0.216764 0.623886 0.233026 0.661393 0.260130 0.721631 0.321114 0.680715 0.330600 0.653437 0.365158 0.682988 0.393617 0.607974 0.421399 0.634115 0.400393 0.701173 0.412590 0.715948 0.410557 0.726177 0.419366 0.731860 0.430885 0.765957 0.452568 0.745499 0.468830 0.692080 0.494579 0.694354 0.496612 0.631842 0.532525 0.638662 0.531847 0.700036 0.550142 0.709129 0.552175 0.729587 0.575213 0.768231 0.609771 0.682988 0.619935 0.679578 0.618580 0.638662 0.640263 0.627296 0.655170 0.669349 0.662624 0.664803 0.671432 0.701173 0.731739 0.730724 0.729028 0.715948 0.736482 0.661393 0.703957 0.622750 0.694471 0.589789 0.705990 0.563648 0.730384 0.573877 0.764941 0.617067 0.782559 0.592062 0.762908 0.560238 0.763586 0.503410 0.743258 0.500000 0.733094 0.452264 0.684984 0.448854 0.687017 0.399982 0.691760 0.384070 0.743935 0.387480 0.745291 0.344290 0.770362 0.344290 0.771717 0.301100 0.798821 0.301100 0.811695 0.269276 0.810340 0.257911 0.792045 0.270413 0.773072 0.230633 0.727673 0.262457 0.712766 0.215857 0.719542 0.207901 0.702602 0.198809 0.699892 0.229496 0.679564 0.222677 0.671432 0.288598 0.636875 0.274959 0.640941 0.213584 0.621968 0.206765 0.627389 0.172668 0.608416 0.161302 0.606383 0.109020 0.607061 0.043099 0.602995 0.043099 0.598929 0.154483 0.578601 0.170395 0.577246 0.211311 0.555563 0.209038 0.554208 0.241999 0.534558 0.243135 0.529137 0.320422 0.494579 0.317012 0.496612 0.243135 0.476284 0.243135 0.476962 0.206765 0.455278 0.206765 0.454601 0.169258 0.442404 0.156756 0.434951 0.060147 0.426142 0.062420 0.437661 0.215857 0.397005 0.282915 0.397683 0.317012 0.381420 0.318149 0.379387 0.370431 0.341442 0.373841 0.340087 0.313602 0.328568 0.317012 0.318404 0.274959 0.291300 0.237452 0.275037 0.129478 0.330600 0.093108 0.350251 0.090835 0.422076 0.055601 0.436983 0.048782 0.502033 0.015821 0.582667 0.006728 0.599607 0.034006 0.610449 0.034006 0.759520 0.014684 0.865226 0.006728 0.901816 0.122659 0.909270 0.237452 0.907914 0.260184 0.896395 0.603428 0.887586 0.820513 0.844898 0.865976 0.752067 0.865976 0.579279 0.869385 0.542689 0.909165 0.411912 0.900073 0.381420 0.893253 0.259453 0.823923 0.258775 0.731860 0.244545 0.818240 0.119190 0.794372 0.120545 0.677305 0.105638 0.793235 0.086665 0.796645 0.035845 0.828469 0.020938 0.856883 0.002643 0.780733 0.000610 0.998932 0.999363 0.998932 0.999363 0.009002