2 0.769007 0.001046 0.750711 0.385206 0.720220 0.407938 0.706668 0.439762 0.703957 0.485225 0.712766 0.519322 0.729028 0.540917 0.747323 0.554555 0.747323 0.607974 0.804919 0.672759 0.806952 0.969404 0.328258 0.998932 0.999363 0.998932 0.999363 0.000000
0 0.154425 0.071513 0.155780 0.121522 0.143583 0.156756 0.122578 0.176077 0.138840 0.320422 0.233026 0.313602 0.218119 0.174941 0.192370 0.153346 0.176785 0.119249 0.172720 0.071513
0 0.268939 0.051055 0.275715 0.099927 0.235059 0.132888 0.220829 0.170395 0.236414 0.313602 0.343475 0.307920 0.332633 0.113566 0.312305 0.087425 0.301464 0.090835 0.286556 0.043099
0 0.362447 0.059011 0.336021 0.104474 0.347540 0.306783 0.409879 0.303373 0.412590 0.127205 0.398360 0.090835 0.380065 0.063557 0.380065 0.041962 0.359059 0.043099
0 0.460699 0.045372 0.447825 0.097654 0.437661 0.098791 0.415978 0.123795 0.413267 0.302237 0.521006 0.295417 0.516940 0.148800 0.485770 0.115839 0.484415 0.070376 0.476962 0.052191
0 0.558273 0.054464 0.548109 0.091971 0.548109 0.118112 0.521006 0.146527 0.523716 0.294281 0.621290 0.288598 0.618580 0.146527 0.589443 0.116976 0.586733 0.088562 0.573858 0.054464
0 0.671432 0.051055 0.656525 0.089698 0.655170 0.118112 0.622645 0.143117 0.624001 0.287461 0.712766 0.286325 0.722930 0.260184 0.726996 0.247681 0.729028 0.152209 0.699892 0.124932 0.697181 0.091971 0.684984 0.052191
0 0.740547 0.926214 0.750711 0.925077 0.763586 0.879614 0.763586 0.853473 0.786624 0.813693 0.785269 0.719358 0.687695 0.672759 0.695148 0.822786 0.720220 0.856883 0.721575 0.880751
0 0.578601 0.665939 0.583345 0.822786 0.620613 0.865976 0.624678 0.898936 0.639585 0.936443 0.650427 0.937580 0.659913 0.896663 0.662624 0.864839 0.681596 0.844381 0.691760 0.827332 0.684307 0.672759
0 0.472218 0.867112 0.468153 0.669349 0.528459 0.662530 0.575891 0.667076 0.579957 0.822786 0.558273 0.872795 0.548109 0.933033 0.523716 0.931897 0.518295 0.883024
0 0.399038 0.873932 0.395650 0.670486 0.464087 0.668212 0.468830 0.869385 0.452568 0.878478 0.451891 0.931897 0.437661 0.934170 0.425464 0.884161
0 0.283846 0.676168 0.285879 0.820513 0.310950 0.844381 0.312983 0.884161 0.324502 0.894390 0.320436 0.936443 0.336699 0.942126 0.346185 0.918258 0.358382 0.918258 0.365835 0.888707 0.395650 0.875068 0.392262 0.672759
0 0.179496 0.681851 0.186949 0.813693 0.222185 0.854610 0.224217 0.881888 0.238447 0.877341 0.242513 0.922804 0.260130 0.921668 0.257420 0.877341 0.273682 0.871658 0.271649 0.837561 0.282491 0.821649 0.280458 0.676168
0 0.031779 0.876205 0.102250 0.971677 0.125966 0.964857 0.158976 0.998932 0.178818 0.992135 0.156458 0.923941 0.178141 0.890980 0.182884 0.817103 0.175430 0.682988 0.113769 0.684124 0.029747 0.794372
1 0.765619 0.001046 0.746646 0.382933 0.718187 0.402255 0.703957 0.435215 0.700569 0.486361 0.710733 0.525005 0.727673 0.548873 0.743258 0.560238 0.743935 0.610247 0.802209 0.677305 0.803564 0.965994 0.325180 0.994408 0.169437 0.998932 0.182206 0.993272 0.161201 0.925077 0.181529 0.894390 0.184917 0.820513 0.217441 0.856883 0.220829 0.887570 0.236414 0.883024 0.239802 0.927350 0.264873 0.925077 0.260808 0.881888 0.276392 0.876205 0.275715 0.842108 0.285201 0.828469 0.306207 0.847791 0.310272 0.890980 0.319081 0.897800 0.317048 0.942126 0.338732 0.946672 0.346863 0.923941 0.360415 0.923941 0.369223 0.896663 0.396327 0.883024 0.423431 0.890980 0.436306 0.940989 0.455956 0.937580 0.455278 0.883024 0.470863 0.875068 0.514230 0.887570 0.520328 0.936443 0.550820 0.937580 0.561661 0.878478 0.581989 0.829605 0.615869 0.870522 0.621290 0.904619 0.637553 0.942126 0.652460 0.942126 0.663301 0.898936 0.665334 0.871658 0.684307 0.850064 0.695826 0.831879 0.716832 0.860293 0.718187 0.885297 0.737837 0.933033 0.753422 0.930760 0.766974 0.880751 0.767651 0.855746 0.790012 0.817103 0.787979 0.717085 0.684307 0.664803 0.576569 0.659120 0.527782 0.657983 0.466798 0.661393 0.392262 0.664803 0.282491 0.670486 0.176785 0.675032 0.111736 0.678442 0.026359 0.793235 0.028391 0.884161 0.100217 0.977360 0.125966 0.970540 0.153308 0.998932 0.000000 0.998932 0.000000 0.000000 0.737160 0.001046 0.730384 0.144254 0.703957 0.123795 0.699214 0.085152 0.687017 0.044235 0.668722 0.043099 0.651782 0.087425 0.651782 0.114703 0.618580 0.139707 0.593509 0.113566 0.588765 0.080606 0.575213 0.047645 0.556241 0.048782 0.544044 0.089698 0.544722 0.115839 0.517618 0.141980 0.489158 0.114703 0.487803 0.062420 0.475606 0.044235 0.457311 0.039689 0.446470 0.090835 0.435628 0.091971 0.413267 0.119249 0.400393 0.082879 0.384131 0.062420 0.382098 0.034006 0.354316 0.039689 0.357704 0.056738 0.331956 0.102200 0.314338 0.082879 0.302141 0.084015 0.287912 0.036279 0.266228 0.046508 0.271649 0.094244 0.231671 0.128342 0.217441 0.166985 0.194403 0.149936 0.180851 0.118112 0.174075 0.064694 0.151037 0.066967 0.152392 0.118112 0.141550 0.149936 0.119190 0.172668 0.135452 0.326105 0.234381 0.318149 0.345508 0.313602 0.412590 0.307920 0.525071 0.301100 0.625356 0.295417 0.716832 0.290871 0.725640 0.262457 0.730384 0.245408 0.732416 0.154483 0.739870 0.002182