6 0.853029 0.299964 0.849641 0.613657 0.964833 0.621613 0.968898 0.303373
5 0.895040 0.010138 0.893007 0.139707 0.941117 0.141980 0.938406 0.009002
4 0.869291 0.002182 0.865226 0.290871 0.957379 0.294281 0.958734 0.000000
2 0.002643 0.003319 0.000000 0.506422 0.103605 0.514775 0.104282 0.556829 0.144938 0.564785 0.146294 0.593199 0.193048 0.595472 0.194403 0.569331 0.245223 0.529551 0.283846 0.474995 0.311628 0.372704 0.312983 0.284052 0.305529 0.223813 0.281813 0.162439 0.245223 0.103337 0.201179 0.070376 0.161878 0.068103 0.163234 0.026050 0.051430 0.020367 0.040565 0.000000
2 0.002643 0.619340 0.083277 0.625023 0.075195 0.998932 0.000000 0.998932
3 0.606383 0.002182 0.615192 0.029460 0.630099 0.018094 0.653815 0.013548 0.670077 0.028323 0.680919 0.057874 0.689728 0.097654 0.689728 0.155619 0.681618 0.998932 0.715476 0.998932 0.721575 0.273823 0.726318 0.246545 0.731061 0.236316 0.753422 0.237452 0.764263 0.241999 0.811018 0.289734 0.861838 0.288598 0.864548 0.066967 0.851674 0.072650 0.784675 -0.000000
0 0.575891 0.711402 0.551497 0.688671 0.535235 0.687534 0.534558 0.667076 0.468153 0.665939 0.468153 0.827332 0.510164 0.828469 0.542011 0.789825 0.542011 0.763684 0.558273 0.754592 0.577246 0.739816
0 0.573181 0.909165 0.551497 0.909165 0.540656 0.883024 0.540656 0.864839 0.511519 0.835288 0.468153 0.834152 0.470186 0.976223 0.533880 0.976223 0.549465 0.946672 0.574536 0.945536
0 0.466798 0.619340 0.514230 0.623886 0.535235 0.592062 0.548787 0.586379 0.549465 0.564785 0.568437 0.563648 0.569793 0.528414 0.553530 0.523868 0.535913 0.502273 0.535913 0.485225 0.466120 0.476132
0 0.464087 0.435215 0.498645 0.476132 0.514907 0.453401 0.533202 0.449991 0.552853 0.484088 0.563017 0.463630 0.541334 0.422713 0.550142 0.406801 0.545399 0.322695 0.506776 0.254501 0.466798 0.323832
0 0.121222 0.873932 0.132064 0.909165 0.122578 0.920531 0.130709 0.945536 0.128676 0.977360 0.134800 0.998932 0.173397 0.998932 0.205245 0.948945 0.183561 0.894390 0.170687 0.895526 0.159846 0.872795 0.147649 0.887570 0.130031 0.859156
0 0.182884 0.763684 0.196436 0.798918 0.186272 0.812557 0.195758 0.839835 0.186272 0.890980 0.207955 0.944399 0.239802 0.885297 0.283846 0.826196 0.264196 0.792099 0.236414 0.792099 0.226250 0.770504 0.214731 0.779596 0.196436 0.745499
1 0.045331 0.001046 0.601640 0.001046 0.613159 0.034006 0.606383 0.064694 0.583345 0.102200 0.581312 0.693217 0.601640 0.730724 0.613159 0.732997 0.619257 0.720495 0.620613 0.893253 0.608416 0.883024 0.583345 0.890980 0.580634 0.997818 0.472896 0.997818 0.470863 0.985316 0.537946 0.981906 0.550142 0.954628 0.577246 0.950082 0.575891 0.902346 0.552175 0.903482 0.544722 0.881888 0.545399 0.860293 0.515585 0.830742 0.546077 0.792099 0.546077 0.768231 0.560306 0.760275 0.580634 0.745499 0.578601 0.703446 0.552853 0.684124 0.539301 0.682988 0.537946 0.657983 0.468153 0.660256 0.467475 0.623886 0.517618 0.629569 0.537946 0.596608 0.552175 0.590926 0.552175 0.570467 0.571148 0.569331 0.571825 0.523868 0.555563 0.518185 0.539978 0.500000 0.539978 0.480678 0.504066 0.476132 0.517618 0.457947 0.530492 0.456810 0.553530 0.492044 0.567082 0.467039 0.546754 0.423850 0.553530 0.411348 0.549465 0.320422 0.507454 0.246545 0.461377 0.322695 0.460699 0.438625 0.494579 0.473859 0.462732 0.469313 0.464087 0.615930 0.464087 0.670486 0.465442 0.829605 0.466798 0.976223 0.467475 0.996681 0.178818 0.996681 0.209310 0.951218 0.242513 0.890980 0.287912 0.826196 0.264873 0.786416 0.239802 0.786416 0.226250 0.763684 0.216764 0.772777 0.196436 0.738680 0.177463 0.761411 0.191693 0.796645 0.180851 0.812557 0.191693 0.838698 0.183561 0.886434 0.171365 0.889844 0.159846 0.863702 0.149004 0.878478 0.130709 0.851200 0.115124 0.871658 0.127321 0.905756 0.119190 0.918258 0.127321 0.946672 0.123933 0.976223 0.130087 0.998932 0.078534 0.998932 0.085987 0.620476 0.000000 0.611532 0.000000 0.512502 0.101572 0.519322 0.100894 0.562511 0.140195 0.570467 0.142228 0.597745 0.195758 0.602291 0.197791 0.575014 0.247933 0.537507 0.289267 0.474995 0.315016 0.371568 0.317048 0.282915 0.309595 0.220404 0.285201 0.155619 0.246578 0.095381 0.202534 0.063557 0.165944 0.062420 0.166621 0.021504 0.053463 0.016958