2 0.420267 0.003887 0.395190 0.118198 0.336677 0.229081 0.381044 0.299954 0.454990 0.160494 0.505787 0.197074 0.557870 0.158208 0.636317 0.280521 0.676826 0.200503 0.614455 0.098765 0.586996 -0.000000 0.427984 0.003887
0 0.455633 0.305670 0.541152 0.299954 0.585520 0.493141 0.578447 0.615455 0.582948 0.679470 0.585520 0.705761 0.433771 0.714906
0 0.448560 0.304527 0.420910 0.307956 0.429270 0.430270 0.406764 0.457705 0.382330 0.433699 0.209362 0.631459 0.229938 0.722908 0.427984 0.716049 0.451775 0.314815
0 0.601595 0.297668 0.578447 0.297668 0.588092 0.490855 0.582305 0.613169 0.589378 0.702332 0.734053 0.692044 0.707690 0.519433 0.699331 0.411980 0.658179 0.398262
0 0.681327 0.222222 0.733410 0.302241 0.752701 0.433699 0.705761 0.415409 0.712191 0.518290 0.739198 0.692044 0.936600 0.680613 0.791924 0.321674 0.791924 0.239369 0.680684 0.177641
0 0.666538 0.057613 0.678112 0.105624 0.775849 0.142204 0.829218 0.238226 0.821502 0.251943 0.797711 0.242798 0.797068 0.317101 0.941101 0.681756 0.951389 0.656607 0.943673 0.270233 0.862218 0.000000 0.737912 0.002743
0 0.357896 0.134202 0.330247 0.131916 0.330247 0.051898 0.169496 0.067901 0.171425 0.313672 0.308385 0.302241 0.332819 0.225652 0.359825 0.177641
0 0.307099 0.307956 0.172068 0.320530 0.176569 0.528578 0.206147 0.629172 0.377186 0.430270 0.374614 0.387974 0.356610 0.381116 0.276235 0.410837
1 0.000386 0.001600 0.001029 0.998400 0.998971 0.997257 0.998328 0.000457 0.867155 0.000457 0.947531 0.271376 0.954604 0.662323 0.943673 0.689758 0.739841 0.700046 0.592593 0.708048 0.586163 0.711477 0.431199 0.721765 0.227366 0.727481 0.204218 0.633745 0.173354 0.528578 0.168853 0.315958 0.166924 0.061043 0.333462 0.048468 0.333462 0.125057 0.360468 0.128487 0.362397 0.170782 0.390046 0.118198 0.417052 0.000457
1 0.333462 0.232510 0.280093 0.402835 0.358539 0.375400 0.377829 0.385688 0.379115 0.426840 0.406121 0.450846 0.426055 0.426840 0.417695 0.302241 0.543081 0.296525 0.584877 0.481710 0.576517 0.291952 0.604810 0.291952 0.659465 0.392547 0.749486 0.427984 0.731481 0.304527 0.678755 0.224508 0.678112 0.208505 0.636317 0.288523 0.557870 0.165066 0.505787 0.203932 0.456919 0.167353 0.380401 0.305670
1 0.732767 0.003887 0.591307 0.000457 0.615098 0.093050 0.676826 0.193644 0.679398 0.170782 0.817644 0.246228 0.824074 0.239369 0.773920 0.145633 0.676826 0.110197 0.663966 0.055327