2 0.230993 0.811329 0.550820 0.828378 0.550142 0.868158 0.422754 0.867021 0.422754 0.912575 0.621968 0.918258 0.621290 1.000000 0.332633 1.000000 0.332633 0.922713 0.325180 0.895436 0.230316 0.889753
0 0.291300 0.061284 0.285201 0.071513 0.289267 0.124932 0.262163 0.165848 0.275037 0.206765 0.308240 0.185170 0.323824 0.195399 0.353639 0.171531 0.354994 0.088562 0.350928 0.060147
0 0.355672 0.197672 0.325857 0.197672 0.289944 0.230633 0.281813 0.249955 0.281136 0.307920 0.266906 0.332924 0.275037 0.352246 0.297398 0.334061 0.321792 0.352246 0.353639 0.330651
0 0.351606 0.345426 0.286556 0.402255 0.277748 0.453401 0.277070 0.481815 0.264196 0.497727 0.272327 0.521595 0.295365 0.498863 0.311628 0.509093 0.333988 0.517049 0.350251 0.505683
0 0.348896 0.538643 0.285879 0.619340 0.286556 0.682988 0.266906 0.713675 0.276392 0.744363 0.303496 0.725041 0.339409 0.734133 0.356349 0.713675 0.359059 0.618203 0.346863 0.613657
0 0.225573 0.820513 0.216086 0.834152 0.191015 0.790962 0.153747 0.795508 0.155780 0.629569 0.197113 0.648891 0.225573 0.714812 0.209988 0.759138
0 0.157135 0.621613 0.201857 0.645481 0.216086 0.678442 0.226928 0.654574 0.207277 0.609111 0.227605 0.551146 0.206600 0.510229 0.188982 0.473859 0.159846 0.462493
0 0.159168 0.455674 0.190337 0.470449 0.208633 0.509093 0.209310 0.478405 0.221507 0.497727 0.233026 0.478405 0.214053 0.428396 0.230316 0.377250 0.212698 0.326105 0.190337 0.298827 0.159846 0.287461
0 0.161878 0.282915 0.201857 0.287461 0.214731 0.317012 0.230316 0.301100 0.222862 0.267003 0.237092 0.214721 0.184917 0.062420 0.171365 0.064694 0.162556 0.095381
0 0.498645 0.335197 0.537268 0.418167 0.525749 0.470449 0.533880 0.501137 0.521683 0.518185 0.506776 0.493181 0.466120 0.492044 0.458666 0.474995 0.460022 0.336334
0 0.549465 0.342017 0.541334 0.412484 0.561661 0.451127 0.556241 0.500000 0.571825 0.509093 0.584700 0.464766 0.620613 0.437489 0.637553 0.343153
0 0.653137 0.342017 0.640263 0.378387 0.648394 0.429533 0.627389 0.468176 0.640941 0.497727 0.669400 0.460220 0.704635 0.464766 0.775783 0.351109
0 0.441727 0.746636 0.455956 0.767094 0.489158 0.758001 0.504743 0.796645 0.518295 0.788689 0.510164 0.738680 0.520328 0.687534 0.457311 0.528414 0.455956 0.614794 0.443082 0.615930
0 0.771717 0.495454 0.693116 0.492044 0.670077 0.543190 0.628744 0.548873 0.628066 0.581833 0.672110 0.590926 0.687695 0.640935 0.773750 0.640935
0 0.774427 0.646618 0.687695 0.645481 0.651104 0.643208 0.642296 0.671622 0.605028 0.675032 0.603673 0.704583 0.638230 0.709129 0.651104 0.750045 0.771717 0.755728
0 0.773072 0.760275 0.641618 0.755728 0.626711 0.794372 0.586055 0.810284 0.587410 0.834152 0.625356 0.858020 0.634165 0.895526 0.769684 0.902346
1 0.998035 0.002182 0.000000 0.002182 0.000000 0.998932 0.328568 0.998932 0.328568 0.925077 0.323824 0.902346 0.226928 0.892117 0.228283 0.826196 0.215409 0.838698 0.188305 0.797781 0.149004 0.800055 0.151714 0.629569 0.155102 0.457947 0.157135 0.277232 0.159846 0.090835 0.167977 0.061284 0.186272 0.055601 0.241157 0.213584 0.228961 0.265867 0.233704 0.305646 0.217441 0.322695 0.234381 0.380660 0.218797 0.427260 0.237092 0.481815 0.220152 0.504546 0.212698 0.489771 0.212698 0.509093 0.231671 0.551146 0.211343 0.609111 0.230993 0.655710 0.218797 0.684124 0.230993 0.718221 0.214731 0.761411 0.227605 0.806874 0.272327 0.747772 0.262163 0.710266 0.283168 0.682988 0.282491 0.615930 0.347540 0.532961 0.347540 0.510229 0.331278 0.522731 0.313660 0.514775 0.294688 0.506819 0.271649 0.527278 0.260808 0.495454 0.272327 0.481815 0.275715 0.451127 0.281813 0.396572 0.350251 0.340880 0.350251 0.336334 0.319759 0.356792 0.297398 0.340880 0.273004 0.359065 0.262163 0.331788 0.277748 0.306783 0.279103 0.245408 0.287234 0.226087 0.317726 0.199945 0.308917 0.190853 0.273682 0.213584 0.258775 0.163575 0.283846 0.126068 0.281136 0.068103 0.291977 0.055601 0.354994 0.055601 0.359059 0.086288 0.357704 0.173804 0.331278 0.193126 0.359737 0.190853 0.355672 0.332924 0.355672 0.343153 0.352284 0.507956 0.352284 0.538643 0.350928 0.611384 0.362447 0.614794 0.359059 0.715948 0.340087 0.738680 0.303496 0.731860 0.277070 0.751182 0.232349 0.806874 0.554885 0.821649 0.582667 0.833015 0.583345 0.804601 0.621968 0.788689 0.636197 0.751182 0.646361 0.746636 0.637553 0.718221 0.599607 0.709129 0.602995 0.668212 0.637553 0.667076 0.647716 0.638662 0.684307 0.640935 0.670755 0.600018 0.624001 0.585243 0.626033 0.540917 0.665334 0.537507 0.690405 0.485225 0.701924 0.470449 0.670077 0.464766 0.640263 0.504546 0.624001 0.464766 0.643651 0.429533 0.636875 0.374977 0.647716 0.344290 0.639585 0.344290 0.621968 0.444308 0.586055 0.469313 0.573858 0.513639 0.553530 0.503410 0.557596 0.452264 0.541334 0.420440 0.529814 0.467039 0.537268 0.502273 0.522361 0.526141 0.506098 0.500000 0.465442 0.498863 0.459344 0.485225 0.460022 0.527278 0.523716 0.688671 0.514230 0.738680 0.521006 0.793235 0.502033 0.802328 0.487803 0.765957 0.455278 0.773913 0.439016 0.751182 0.439694 0.606838 0.452568 0.607974 0.453246 0.526141 0.455278 0.474995 0.457989 0.329514 0.501355 0.330651 0.537946 0.411348 0.546754 0.332924 0.638908 0.337470 0.653137 0.337470 0.779848 0.347700 0.706668 0.469313 0.695148 0.487498 0.774427 0.489771 0.777138 0.640935 0.775783 0.756865 0.771717 0.910302 0.629421 0.900073 0.623323 0.867112 0.586055 0.840971 0.555563 0.830742 0.554208 0.872795 0.427497 0.872795 0.425464 0.905756 0.625356 0.913712 0.624696 0.998932 0.999363 0.998932