2 0.401748 0.001046 0.397683 0.726177 0.418688 0.726177 0.418011 0.998932 0.523038 0.998932 0.522361 0.710266 0.541334 0.705719 0.538623 0.271549 0.521006 0.274959 0.522361 0.043099 0.543366 0.040826 0.544024 0.000000
0 0.690405 0.044235 0.617225 0.045372 0.597574 0.098791 0.566405 0.096518 0.566405 0.138571 0.523716 0.145390 0.523038 0.190853 0.555563 0.191989 0.562339 0.235179 0.596219 0.238589 0.613159 0.288598 0.687695 0.285188
0 0.688372 0.311329 0.619935 0.313602 0.610449 0.351109 0.587410 0.364748 0.585377 0.386343 0.554885 0.388616 0.553530 0.421577 0.580634 0.424986 0.586055 0.452264 0.609093 0.459083 0.626033 0.520458 0.689728 0.520458
0 0.689050 0.526141 0.625356 0.528414 0.615869 0.565921 0.592153 0.568194 0.592831 0.587516 0.562339 0.593199 0.561661 0.625023 0.594186 0.629569 0.593509 0.651164 0.612481 0.651164 0.630777 0.711402 0.688372 0.715948
0 0.689050 0.720495 0.628066 0.717085 0.600962 0.783006 0.577246 0.787552 0.576569 0.814830 0.535913 0.818240 0.535235 0.855746 0.576569 0.859156 0.577246 0.892117 0.602995 0.895526 0.626033 0.956901 0.689050 0.958038
0 0.254032 0.099927 0.283168 0.102200 0.302819 0.057874 0.320436 0.055601 0.321114 0.040826 0.358382 0.043099 0.358382 0.020367 0.342797 0.002182 0.251999 0.001046
0 0.252677 0.103337 0.304852 0.105610 0.329245 0.173804 0.352284 0.178351 0.353639 0.209038 0.386841 0.209038 0.387519 0.245408 0.350928 0.248818 0.350251 0.277232 0.329923 0.277232 0.308240 0.346563 0.251321 0.353382
0 0.251321 0.360202 0.307562 0.349973 0.328568 0.381797 0.338732 0.374977 0.346185 0.394299 0.382098 0.381797 0.388196 0.410211 0.350928 0.432942 0.357027 0.457947 0.344830 0.467039 0.334666 0.538643 0.304174 0.556829 0.251999 0.559102
0 0.251321 0.563648 0.317726 0.559102 0.341442 0.613657 0.361770 0.617067 0.362447 0.647754 0.388196 0.647754 0.387519 0.684124 0.359737 0.682988 0.359737 0.711402 0.344152 0.711402 0.319759 0.770504 0.249966 0.778460
0 0.251321 0.783006 0.321114 0.772777 0.350928 0.827332 0.369901 0.840971 0.374644 0.865976 0.399715 0.870522 0.398360 0.902346 0.370579 0.906892 0.371256 0.927350 0.346185 0.937580 0.335344 0.977360 0.252677 0.971677
1 0.001965 0.001046 0.001287 0.998932 0.414623 0.998932 0.416655 0.731860 0.394972 0.729587 0.399715 0.000000 0.346185 0.000000 0.361770 0.013548 0.361770 0.047645 0.325857 0.044235 0.325180 0.060147 0.307562 0.061284 0.287912 0.099927 0.308917 0.101064 0.332633 0.168121 0.357027 0.173804 0.357027 0.202219 0.389551 0.204492 0.389551 0.252228 0.352961 0.253364 0.352961 0.282915 0.331956 0.284052 0.311628 0.347700 0.327890 0.374977 0.341442 0.367021 0.348218 0.389753 0.384808 0.373841 0.392939 0.413621 0.356349 0.434079 0.361092 0.462493 0.347540 0.471586 0.337376 0.543190 0.315016 0.553419 0.321792 0.556829 0.342120 0.607974 0.365158 0.614794 0.365835 0.640935 0.391584 0.644344 0.390229 0.687534 0.363125 0.689807 0.362447 0.717085 0.345508 0.717085 0.324502 0.769367 0.352961 0.820513 0.372611 0.836425 0.376677 0.861429 0.403103 0.867112 0.401748 0.906892 0.374644 0.911438 0.374644 0.933033 0.349573 0.942126 0.337376 0.983042 0.249966 0.976223 0.247256 0.780733 0.249289 0.555692 0.248611 0.000000
1 0.997357 0.002182 0.548787 0.001046 0.546754 0.047645 0.525749 0.047645 0.525749 0.136298 0.562339 0.131751 0.564372 0.090835 0.594864 0.093108 0.615192 0.038552 0.693116 0.039689 0.690405 0.289734 0.610449 0.293144 0.594864 0.245408 0.559629 0.239725 0.553530 0.198809 0.523716 0.195399 0.523038 0.267003 0.542011 0.267003 0.543366 0.713675 0.527104 0.715948 0.526432 0.998932 0.689050 0.998932 0.689050 0.962584 0.624678 0.961448 0.601640 0.902346 0.574536 0.897800 0.574536 0.868249 0.533202 0.861429 0.533202 0.812557 0.573858 0.809147 0.574536 0.781869 0.600285 0.777323 0.626033 0.712539 0.610449 0.655710 0.590798 0.655710 0.591476 0.634115 0.558273 0.628432 0.559629 0.587516 0.590121 0.582970 0.590121 0.562511 0.614514 0.560238 0.622645 0.523868 0.606383 0.467039 0.584022 0.455674 0.577246 0.431806 0.551497 0.426123 0.552853 0.382933 0.581989 0.380660 0.585377 0.357929 0.606383 0.346563 0.617225 0.309056 0.690405 0.305646 0.692438 0.525005 0.691760 0.719358 0.691760 0.962584 0.691760 0.998932 0.999363 0.997818