6 0.590455 0.131751 0.552438 0.235179 0.646170 0.336334 0.684187 0.226087
5 0.502622 0.073786 0.487546 0.113566 0.511143 0.140844 0.526219 0.104474
4 0.369561 0.001046 0.553749 0.207901 0.576690 0.140844 0.448956 -0.000000
6 0.480991 0.367021 0.480336 0.493181 0.599632 0.493181 0.598321 0.364748
6 0.481647 0.777323 0.479680 0.894390 0.590455 0.893253 0.590455 0.778460
5 0.363662 0.398845 0.362351 0.456810 0.420688 0.456810 0.421999 0.403392
5 0.361040 0.815967 0.361696 0.860293 0.420688 0.860293 0.420688 0.815967
4 0.001186 0.373841 0.000531 0.472722 0.475748 0.481815 0.475748 0.377250
4 0.000531 0.790962 0.000531 0.865976 0.472470 0.876205 0.473126 0.796645
3 0.422654 0.066967 0.555060 0.218131 0.541295 0.249955 0.486891 0.248818 0.479680 0.259047 0.475748 0.274959 0.473781 0.369294 0.338099 0.371568 0.344653 0.356792 0.343998 0.327241 0.339410 0.312466 0.216836 0.248818 0.168332 0.244272 0.157844 0.253364 0.153256 0.264730 0.152600 0.351109 0.159155 0.371568 0.060834 0.370431 0.067389 0.354519 0.070666 0.287461 0.060179 0.259047 0.048380 0.241999 0.001186 0.243135 0.000531 0.194263 0.033960 0.195399 0.058212 0.186307 0.071977 0.164712 0.077221 0.132888 0.066078 0.111293 0.041170 0.094244 0.019540 0.087425 0.000531 0.087425 0.001186 0.048782 0.014951 0.049918 0.022817 0.045372 0.024783 0.027187 0.016918 0.013548 0.001186 0.002182 0.047725 0.002182 0.059523 0.014684 0.079843 0.024914 0.101473 0.032870 0.116549 0.026050 0.122449 0.013548 0.123050 0.000000 0.223391 0.000000 0.258131 0.051055 0.382671 0.124932 0.391847 0.126068 0.403646 0.110156 0.417411 0.091971
3 0.348586 0.484088 0.476403 0.489771 0.473126 0.790962 0.351864 0.790962 0.361696 0.773913 0.373494 0.632979 0.361696 0.510229 0.357107 0.496590
3 0.061490 0.477269 0.132281 0.480678 0.123104 0.497727 0.117205 0.518185 0.116549 0.721631 0.117860 0.752319 0.122449 0.775050 0.139491 0.789825 0.000000 0.784226 0.000000 0.750045 0.018884 0.735270 0.027405 0.714812 0.024128 0.684124 0.016262 0.662530 0.001186 0.657983 0.000531 0.597745 0.041170 0.597745 0.057557 0.589789 0.066734 0.575014 0.069355 0.492044