5 0.905737 0.589789 0.908359 0.781869 0.977839 0.775050 0.965385 0.586379
4 0.877551 0.005592 0.874274 0.979633 0.993570 0.980769 0.992259 -0.000000
3 0.422654 0.003319 0.423310 0.322695 0.434453 0.381797 0.553093 0.635252 0.570791 0.620476 0.601598 0.617067 0.622573 0.636388 0.640271 0.688671 0.650103 0.744363 0.650103 0.804601 0.650758 0.827332 0.802828 0.973950 0.870997 0.976223 0.872963 0.676168 0.863131 0.684124 0.851333 0.679578 0.747113 0.571604 0.732037 0.539780 0.726793 0.502273 0.727449 0.254501 0.648792 0.259047 0.650758 0.304510 0.650103 0.343153 0.640271 0.376114 0.625850 0.389753 0.610775 0.392026 0.600943 0.377250 0.596354 0.323832 0.595699 0.262457 0.602909 0.220404 0.610775 0.203355 0.623229 0.196536 0.637649 0.211311 0.646170 0.237452 0.648136 0.254501 0.728104 0.249955 0.725482 0.004455 0.636993 0.001046 0.633716 0.014684 0.621918 0.021504 0.608808 0.013548 0.604601 0.000000
2 0.001186 0.744363 0.030683 0.748909 0.061490 0.790962 0.100163 0.845517 0.130970 0.903482 0.150634 0.965994 0.155222 0.996681 0.000000 0.997812
2 0.118516 0.003319 0.118516 0.185170 0.138180 0.189716 0.139491 0.279505 0.250265 0.280642 0.250265 0.002182
0 0.106062 0.106747 0.106062 0.138571 0.086398 0.146527 0.077877 0.171531 0.017573 0.185170 0.019540 0.045372 0.065423 0.045372 0.075255 0.071513
0 0.109339 0.198809 0.115238 0.230633 0.090986 0.246545 0.087053 0.269276 0.031338 0.322695 0.018884 0.279505 0.017573 0.189716 0.077877 0.176077 0.088364 0.204492
0 0.125726 0.254501 0.136869 0.282915 0.128348 0.298827 0.136869 0.324968 0.127692 0.357929 0.133592 0.392026 0.103440 0.456810 0.037893 0.357929 0.032649 0.328378 0.089675 0.271549 0.108028 0.277232
0 0.210282 0.343153 0.199794 0.370431 0.182752 0.359065 0.172920 0.384070 0.155878 0.376114 0.113927 0.470449 0.163088 0.530687 0.203727 0.553419 0.243055 0.553419 0.245022 0.457947 0.231912 0.424986 0.236501 0.402255 0.220769 0.387480 0.227324 0.357929
0 0.271896 0.368158 0.273207 0.393162 0.261408 0.401118 0.263375 0.424986 0.248299 0.456810 0.246333 0.551146 0.305981 0.555692 0.350553 0.528414 0.321712 0.424986 0.303359 0.412484 0.300737 0.390889 0.288938 0.390889 0.285005 0.361338
0 0.293527 0.304510 0.307947 0.323832 0.307947 0.352246 0.323678 0.365885 0.324334 0.422713 0.353830 0.525005 0.362351 0.525005 0.412167 0.413621 0.402990 0.331788 0.401024 0.273823 0.349242 0.274959 0.341376 0.282915 0.317779 0.284052 0.300737 0.278369
0 0.265341 0.101064 0.263375 0.129478 0.297459 0.144254 0.298770 0.190853 0.309913 0.196536 0.310569 0.215857 0.326300 0.220404 0.340065 0.267003 0.401679 0.268140 0.401024 0.078332 0.322367 0.070376 0.319090 0.082879 0.304014 0.079469 0.300737 0.105610
0 0.300081 0.003319 0.299426 0.026050 0.321056 0.027187 0.321712 0.063557 0.400368 0.070376 0.401023 0.000000 0.302703 0.000000
1 0.403646 0.001046 0.404957 0.074923 0.404957 0.273823 0.406268 0.330651 0.416100 0.418167 0.364317 0.530687 0.354485 0.532961 0.306636 0.561375 0.246988 0.557965 0.201761 0.559102 0.161777 0.536370 0.110650 0.472722 0.153911 0.371568 0.170953 0.378387 0.181441 0.353382 0.199794 0.364748 0.210282 0.337470 0.229946 0.354519 0.224702 0.385206 0.239122 0.399982 0.235845 0.421577 0.246333 0.451127 0.260753 0.422713 0.258131 0.396572 0.269930 0.389753 0.269274 0.363612 0.286316 0.355656 0.290249 0.385206 0.302048 0.382933 0.306636 0.407938 0.321056 0.420440 0.319745 0.369294 0.305325 0.355656 0.305325 0.326105 0.288938 0.306783 0.298770 0.272686 0.318434 0.277232 0.338099 0.278369 0.324334 0.226087 0.306636 0.222677 0.305981 0.202219 0.295493 0.195399 0.294182 0.149936 0.261408 0.134024 0.263375 0.095381 0.298770 0.101064 0.302048 0.072650 0.315813 0.077196 0.317779 0.066967 0.317779 0.032870 0.296148 0.029460 0.296148 0.000000 0.254198 0.003319 0.252887 0.286325 0.140146 0.284052 0.132936 0.299964 0.140802 0.328378 0.131625 0.355656 0.136213 0.395436 0.103440 0.463630 0.034615 0.362475 0.029372 0.328378 0.016262 0.279505 0.014951 0.184033 0.015607 0.039689 0.068700 0.038552 0.077877 0.066967 0.109995 0.101064 0.108028 0.144254 0.088364 0.149936 0.081154 0.171531 0.090330 0.196536 0.111961 0.195399 0.119171 0.234043 0.093608 0.249955 0.091641 0.264730 0.106717 0.271549 0.127037 0.247681 0.136213 0.270413 0.135558 0.193126 0.116549 0.190853 0.115238 0.001046 0.000531 0.001046 0.000531 0.738680 0.032649 0.742089 0.066078 0.785279 0.104095 0.843244 0.136213 0.901209 0.154567 0.963721 0.158499 0.997818 0.333864 0.998932 0.517698 0.998932 0.512454 0.745499 0.538017 0.696627 0.551127 0.640935 0.429865 0.384070 0.418066 0.320422 0.418721 0.000000