2 0.323824 0.001046 0.316371 0.264730 0.335344 0.299964 0.282491 0.396572 0.194403 0.402255 0.142906 0.315876 0.122578 0.353382 0.147649 0.404528 0.147649 0.573877 0.127321 0.620476 0.142228 0.645481 0.192370 0.567058 0.602995 0.555692 0.599607 0.394299 0.457311 0.392026 0.407169 0.293144 0.430207 0.259047 0.425464 0.090835 0.401748 0.052191 0.402396 0.000000
0 0.438339 0.024914 0.436306 0.110156 0.451891 0.137434 0.445792 0.169258 0.459344 0.179487 0.449858 0.227223 0.470186 0.240862 0.481705 0.195399 0.495257 0.198809 0.506098 0.169258 0.544044 0.156756 0.567576 0.000000 0.438339 0.002182
0 0.570470 0.003319 0.561661 0.068103 0.590121 0.079469 0.581989 0.134024 0.592153 0.146527 0.579279 0.211311 0.604350 0.230633 0.621290 0.166985 0.631454 0.174941 0.636197 0.154483 0.661946 0.149936 0.682274 0.014684 0.646361 0.011275 0.609093 0.001046
0 0.685662 0.015821 0.666012 0.154483 0.671432 0.181760 0.649749 0.205628 0.663979 0.253364 0.619935 0.304510 0.634842 0.348836 0.682274 0.298827 0.696504 0.331788 0.724285 0.306783 0.736482 0.336334 0.757487 0.318149 0.776460 0.331788 0.861838 0.326105 0.856417 0.110156 0.829991 0.046508 0.795433 0.013548
0 0.860482 0.331788 0.775783 0.337470 0.744613 0.415894 0.714121 0.414757 0.712088 0.451127 0.666012 0.446581 0.663301 0.494317 0.709378 0.504546 0.709378 0.534097 0.736482 0.544326 0.740547 0.600018 0.764263 0.642071 0.870646 0.680715
0 0.761553 0.644344 0.743258 0.676168 0.724963 0.647754 0.712766 0.679578 0.666689 0.613657 0.641618 0.646618 0.685662 0.720495 0.667367 0.751182 0.685662 0.783006 0.678208 0.795508 0.753422 0.977360 0.779171 0.954628 0.846253 0.833015 0.866581 0.765957 0.870646 0.686398
0 0.527104 0.640935 0.542689 0.736407 0.516262 0.751182 0.521683 0.788689 0.498645 0.797781 0.502033 0.842108 0.490514 0.859156 0.499180 0.998932 0.709378 0.997818 0.752067 0.981906 0.676176 0.797781 0.639585 0.775050 0.631454 0.736407 0.606383 0.746636 0.597574 0.711402 0.572503 0.722768 0.554885 0.626159
0 0.363125 0.684124 0.365835 0.760275 0.334666 0.768231 0.333311 0.809147 0.318404 0.809147 0.317726 0.854610 0.292655 0.876205 0.293985 0.998932 0.494579 0.998932 0.487126 0.858020 0.453923 0.830742 0.452568 0.788689 0.430885 0.790962 0.426142 0.751182 0.400393 0.754592 0.394972 0.678442
0 0.264873 0.676168 0.242513 0.744363 0.221507 0.728451 0.206600 0.761411 0.161878 0.762548 0.137485 0.802328 0.142228 0.920531 0.152392 0.963721 0.176785 0.996681 0.290825 0.998932 0.289267 0.871658 0.277070 0.834152 0.286556 0.787552 0.270294 0.770504 0.291977 0.697763
0 0.248611 0.324968 0.231671 0.229496 0.201857 0.245408 0.191015 0.206765 0.170009 0.219267 0.163911 0.179487 0.134097 0.168121 0.132064 0.001046 0.281054 0.000000 0.298076 0.106747 0.285201 0.156756 0.286556 0.191989 0.259453 0.210175 0.278425 0.304510
1 0.000610 0.002182 0.001965 0.996681 0.170009 0.997818 0.149004 0.964857 0.138162 0.921668 0.132742 0.796645 0.161878 0.753455 0.203889 0.755728 0.220152 0.721631 0.241835 0.737543 0.262840 0.670486 0.295365 0.695490 0.275037 0.767094 0.291977 0.786416 0.281136 0.833015 0.293332 0.869385 0.312983 0.852337 0.314338 0.803464 0.329923 0.804601 0.331278 0.764821 0.362447 0.755728 0.359737 0.677305 0.397683 0.671622 0.402426 0.748909 0.428175 0.745499 0.434273 0.784143 0.454601 0.783006 0.457311 0.827332 0.489158 0.853473 0.498645 0.840971 0.494579 0.790962 0.517618 0.783006 0.512197 0.747772 0.539301 0.734133 0.522361 0.637525 0.556918 0.621613 0.575213 0.718221 0.600962 0.704583 0.607738 0.739816 0.632809 0.729587 0.642296 0.771640 0.675498 0.790962 0.680919 0.783006 0.663301 0.751182 0.681596 0.721631 0.637553 0.646618 0.665334 0.609111 0.712766 0.671622 0.724963 0.637525 0.743258 0.668212 0.758165 0.639798 0.736482 0.600018 0.732416 0.548873 0.706668 0.538643 0.705312 0.509093 0.659913 0.500000 0.663301 0.439762 0.709378 0.448854 0.711411 0.407938 0.742580 0.411348 0.772395 0.335197 0.757487 0.323832 0.734449 0.342017 0.724963 0.313602 0.695148 0.336334 0.682274 0.306783 0.632809 0.354519 0.615192 0.299964 0.659913 0.252228 0.646361 0.203355 0.666012 0.181760 0.661946 0.157892 0.639585 0.161302 0.633487 0.181760 0.621968 0.176077 0.606383 0.235179 0.576569 0.214721 0.587410 0.148800 0.578601 0.138571 0.586055 0.082879 0.560306 0.072650 0.546077 0.161302 0.509486 0.172668 0.499322 0.204492 0.483060 0.201082 0.472896 0.246545 0.445792 0.230633 0.454601 0.181760 0.443082 0.173804 0.448503 0.137434 0.432240 0.110156 0.434273 0.023777 0.432918 0.001046 0.405814 0.001046 0.405136 0.046508 0.430207 0.090835 0.433595 0.260184 0.412590 0.293144 0.460699 0.386343 0.603673 0.387480 0.606383 0.559102 0.193725 0.571604 0.142228 0.652300 0.122578 0.619340 0.144261 0.573877 0.144261 0.406801 0.118512 0.352246 0.141550 0.309056 0.195758 0.394299 0.281136 0.388616 0.331278 0.301100 0.311628 0.265867 0.320436 0.001046 0.284524 0.001046 0.301464 0.106747 0.289944 0.156756 0.290622 0.195399 0.263518 0.213584 0.281813 0.307920 0.245901 0.331788 0.228961 0.236316 0.200501 0.252228 0.189660 0.213584 0.167977 0.226087 0.160523 0.185170 0.129354 0.172668 0.126662 -0.000000
1 0.998035 0.996681 0.730377 0.998932 0.753422 0.986452 0.782559 0.961448 0.849641 0.835288 0.869969 0.765957 0.874034 0.685261 0.864548 0.327241 0.859805 0.106747 0.832023 0.041962 0.796111 0.007865 0.685662 0.010138 0.645006 0.004455 0.625085 0.000000 0.999363 0.001044