2 0.549511 0.000457 0.871656 0.516004 0.850437 0.536580 0.823431 0.553727 0.774563 0.559442 0.771348 0.895519 0.807356 0.901235 0.865869 0.889803 0.923097 0.855510 0.970036 0.818930 0.998328 0.781207 0.998328 0.199360 0.951389 0.208505 0.952675 0.248514 0.952032 0.298811 0.946888 0.338820 0.936600 0.375400 0.699331 0.000457
0 0.379758 0.000457 0.325103 0.000457 0.291024 0.095336 0.309671 0.112483 0.323174 0.136488 0.335391 0.165066 0.344393 0.190215 0.373328 0.243941 0.452418 0.088477 0.428627 0.031321 0.444059 0.001600
0 0.491641 0.138775 0.456919 0.143347 0.453704 0.093050 0.377186 0.243941 0.399691 0.278235 0.417695 0.277092 0.448560 0.219936 0.476852 0.175354 0.495499 0.175354
0 0.573945 0.139918 0.546939 0.185642 0.504501 0.175354 0.430556 0.330818 0.495499 0.437128 0.573302 0.306813 0.563014 0.233653 0.590021 0.171925
0 0.705761 0.343393 0.673611 0.349108 0.624743 0.278235 0.498714 0.455418 0.509002 0.487426 0.513503 0.520576 0.516718 0.594879 0.617670 0.545725 0.635674 0.465706 0.700617 0.399406 0.729552 0.389118
0 0.715406 0.632602 0.671682 0.634888 0.620242 0.553727 0.517361 0.600594 0.519290 0.775492 0.600309 0.782350 0.617027 0.733196 0.668467 0.734339 0.673611 0.690901 0.714120 0.696616
0 0.690329 0.826932 0.641461 0.838363 0.602238 0.789209 0.519933 0.781207 0.525720 0.976680 0.631816 0.970965 0.644676 0.909236 0.691615 0.874943
0 0.013889 0.724051 0.015818 0.774348 0.013889 0.808642 0.065329 0.808642 0.067901 0.855510 0.127058 0.850937 0.124486 0.676040 0.055684 0.688615 0.047968 0.721765
0 0.001029 0.432556 0.002315 0.496571 0.040252 0.511431 0.038323 0.534294 0.120628 0.535437 0.118056 0.466850 0.094264 0.375400 0.028678 0.394833 0.018390 0.431413
0 0.001672 0.586877 0.001029 0.638317 0.053112 0.641747 0.056970 0.680613 0.124486 0.668038 0.121914 0.556013 0.037680 0.562872 0.029321 0.582305
0 0.002958 0.082762 0.013889 0.070187 0.042824 0.075903 0.110340 0.171925 0.096193 0.229081 0.087834 0.275949 0.000000 0.238296
0 0.043467 0.916095 0.030607 0.951532 0.001029 0.957247 0.000000 0.999074 0.132202 0.996113 0.129630 0.930956 0.118056 0.909236
0 0.000386 0.241655 0.001029 0.391404 0.027392 0.390261 0.094264 0.368541 0.087191 0.280521
1 0.321888 0.000457 0.000000 0.000457 0.001672 0.074760 0.013246 0.063329 0.046039 0.070187 0.114841 0.168496 0.098765 0.231367 0.091692 0.277092 0.097479 0.375400 0.121914 0.466850 0.124486 0.538866 0.034465 0.540009 0.037037 0.514861 0.000386 0.500000 0.001029 0.580018 0.028035 0.577732 0.036394 0.556013 0.124486 0.551440 0.128344 0.670325 0.128987 0.854367 0.064043 0.860082 0.062757 0.814358 0.010674 0.813214 0.012603 0.773205 0.011960 0.719479 0.045396 0.716049 0.053755 0.681756 0.050540 0.647462 -0.000000 0.644093 0.000386 0.949246 0.028678 0.945816 0.041538 0.911523 0.119985 0.903521 0.132202 0.925240 0.135301 0.999074 0.999479 0.999074 0.999479 0.786923 0.974537 0.821216 0.923097 0.861225 0.864583 0.895519 0.806070 0.909236 0.768133 0.900091 0.772634 0.553727 0.824074 0.546868 0.850437 0.529721 0.867155 0.514861 0.546296 0.000457 0.447274 0.002743 0.431842 0.031321 0.456276 0.086191 0.459491 0.134202 0.495499 0.129630 0.498071 0.173068 0.504501 0.171925 0.545653 0.178784 0.573945 0.133059 0.593236 0.173068 0.567515 0.232510 0.577803 0.310242 0.498714 0.438272 0.498714 0.448560 0.626029 0.271376 0.675540 0.344536 0.708976 0.337677 0.734053 0.391404 0.701260 0.405121 0.638246 0.467993 0.622171 0.544582 0.672325 0.626886 0.717978 0.626886 0.717335 0.701189 0.676183 0.696616 0.671682 0.740055 0.618956 0.738912 0.604167 0.784636 0.642747 0.832647 0.692901 0.823503 0.694187 0.882945 0.647248 0.913809 0.633102 0.978967 0.521862 0.981253 0.516718 0.781207 0.513503 0.597165 0.510288 0.519433 0.506430 0.490855 0.490998 0.437128 0.427341 0.331962 0.499357 0.181070 0.479424 0.181070 0.450489 0.223365 0.419624 0.281664 0.397119 0.282807 0.375900 0.250800 0.341821 0.194787 0.331533 0.168496 0.321245 0.139918 0.307099 0.114769 0.287809 0.098765
1 0.704475 0.000457 0.935314 0.367398 0.943673 0.337677 0.948817 0.297668 0.948817 0.245085 0.947531 0.202789 0.999479 0.192653 0.999479 0.000000 0.707047 0.000000