3 0.997685 0.422268 0.766204 0.998400 0.861368 0.998400 0.998328 0.655464
2 0.040252 0.001600 0.218364 0.230224 0.211291 0.250800 0.316744 0.384545 0.323817 0.369684 0.394547 0.456561 0.384902 0.475995 0.434414 0.537723 0.440844 0.520576 0.577803 0.694330 0.606739 0.620027 0.478138 0.456561 0.483282 0.438272 0.425412 0.360540 0.416409 0.378829 0.309028 0.237083 0.311600 0.230224 0.279450 0.189072 0.274949 0.192501 0.123843 0.000457
0 0.738555 0.423411 0.721836 0.400549 0.667824 0.527435 0.677469 0.610882 0.665252 0.644033 0.684542 0.672611 0.702546 0.637174 0.734053 0.634888 0.789352 0.488569
0 0.645962 0.307956 0.606739 0.355967 0.600952 0.446273 0.573302 0.482853 0.590664 0.522862 0.621528 0.483996 0.665252 0.500000 0.691615 0.464563 0.701260 0.443987 0.709619 0.424554 0.719264 0.399406
0 0.551440 0.186786 0.514789 0.264518 0.520576 0.353681 0.505787 0.400549 0.527649 0.430270 0.546939 0.382259 0.595165 0.376543 0.632459 0.288523
0 0.479424 0.095336 0.440844 0.162780 0.442773 0.230224 0.421553 0.272519 0.434414 0.297668 0.458205 0.257659 0.492284 0.269090 0.546296 0.182213
0 0.408693 0.008459 0.370756 0.075903 0.377829 0.142204 0.357253 0.175354 0.366898 0.198217 0.392618 0.160494 0.427341 0.176497 0.477495 0.093050
0 0.277521 0.002743 0.282022 0.022176 0.251800 0.047325 0.258873 0.073617 0.290381 0.053041 0.334105 0.085048 0.388760 0.038180 0.407407 0.003887 0.401942 0.000000
0 0.096836 0.181070 0.062114 0.206219 0.019676 0.170782 0.002315 0.184499 0.001029 0.321674 0.024177 0.362826 0.062114 0.326246 0.073045 0.241655 0.104552 0.214220
0 0.157922 0.257659 0.139275 0.290809 0.089763 0.281664 0.041538 0.373114 0.114198 0.475995 0.159851 0.408551 0.154064 0.318244 0.174640 0.280521
0 0.252443 0.391404 0.229295 0.417695 0.182999 0.392547 0.133488 0.450846 0.116770 0.479424 0.198431 0.584591 0.236368 0.537723 0.243441 0.446273 0.264660 0.418839
0 0.332819 0.446273 0.309028 0.503429 0.292310 0.488569 0.281379 0.518290 0.250514 0.510288 0.212577 0.598308 0.301955 0.719479 0.340535 0.631459 0.328961 0.577732 0.338606 0.554870 0.323817 0.533150 0.350180 0.463420
0 0.418338 0.576589 0.398405 0.623457 0.387474 0.607453 0.377186 0.630316 0.346965 0.621171 0.305170 0.721765 0.388117 0.825789 0.429913 0.728624 0.417695 0.686328 0.426055 0.660037 0.413194 0.642890 0.433771 0.592593
0 0.506430 0.689758 0.487140 0.736626 0.433771 0.749200 0.398405 0.838363 0.477495 0.946959 0.516075 0.849794 0.510288 0.767490 0.525720 0.710334
0 0.605453 0.781207 0.585520 0.824646 0.532793 0.833791 0.485854 0.952675 0.519410 0.999074 0.590021 0.999074 0.614455 0.938957 0.608025 0.847508 0.625386 0.797211
1 0.997685 0.410837 0.898663 0.658893 0.903807 0.610882 0.899306 0.540009 0.883873 0.480567 0.865869 0.441701 0.838863 0.510288 0.638557 0.999074 0.594522 0.999074 0.617670 0.943530 0.610597 0.850937 0.629244 0.794925 0.604167 0.774348 0.582948 0.817787 0.531507 0.829218 0.484568 0.948102 0.481353 0.944673 0.519290 0.847508 0.512217 0.769776 0.528935 0.705761 0.505144 0.681756 0.485854 0.733196 0.431842 0.744627 0.397119 0.833791 0.391975 0.825789 0.433128 0.727481 0.422197 0.684042 0.428627 0.658893 0.417695 0.639460 0.437629 0.590306 0.417052 0.570873 0.397762 0.616598 0.387474 0.601738 0.377829 0.623457 0.347608 0.613169 0.340535 0.622314 0.332176 0.578875 0.342464 0.553727 0.328961 0.530864 0.354038 0.458848 0.333462 0.440558 0.309028 0.496571 0.292310 0.481710 0.280736 0.510288 0.249228 0.505716 0.239583 0.529721 0.246013 0.451989 0.267876 0.419982 0.252443 0.383402 0.229295 0.411980 0.182356 0.387974 0.150206 0.427984 0.164352 0.403978 0.157922 0.319387 0.179141 0.279378 0.156636 0.249657 0.139275 0.282807 0.086548 0.273663 0.065972 0.319387 0.076903 0.247371 0.109697 0.216507 0.098122 0.171925 0.060828 0.198217 0.019676 0.165066 0.000000 0.178059 0.000000 0.000000 0.035751 0.000457 0.213863 0.230224 0.206790 0.250800 0.317387 0.392547 0.325103 0.377686 0.389403 0.455418 0.380401 0.477138 0.436343 0.545725 0.441487 0.529721 0.579090 0.703475 0.610597 0.618884 0.482639 0.456561 0.487140 0.434842 0.422840 0.350251 0.416409 0.369684 0.313529 0.237083 0.318030 0.227938 0.279450 0.179927 0.275592 0.183356 0.128252 -0.000000 0.271734 0.000000 0.276878 0.017604 0.247942 0.041610 0.257587 0.081619 0.288452 0.058756 0.332819 0.089620 0.386188 0.043896 0.368184 0.075903 0.375257 0.141061 0.354038 0.174211 0.366255 0.203932 0.392618 0.166209 0.427984 0.182213 0.438272 0.169639 0.440201 0.227938 0.418338 0.273663 0.434414 0.305670 0.459491 0.263374 0.496142 0.275949 0.544367 0.191358 0.510288 0.267947 0.516718 0.353681 0.501929 0.400549 0.528292 0.438272 0.548225 0.390261 0.595165 0.382259 0.604167 0.365112 0.597737 0.441701 0.568801 0.480567 0.589378 0.529721 0.622171 0.491998 0.668467 0.504572 0.687114 0.473708 0.666538 0.525149 0.674254 0.608596 0.659465 0.647462 0.683899 0.678326 0.702546 0.641747 0.736626 0.638317 0.791924 0.486283 0.721193 0.391404 0.646605 0.301097 0.613812 0.341107 0.636317 0.283951 0.548868 0.176497 0.479424 0.088477 0.409979 0.000457 0.999479 0.001598 0.999479 0.408551
1 0.001029 0.329675 0.000386 0.997257 0.514146 0.997257 0.476209 0.951532 0.389403 0.836077 0.301312 0.724051 0.207433 0.596022 0.231867 0.550297 0.198431 0.592593 0.113555 0.481710 0.036394 0.370828 0.060185 0.333105 0.024177 0.369684