2 0.240869 0.002743 0.245370 0.186786 0.278807 0.190215 0.280736 0.222222 0.592593 0.229081 0.594522 0.194787 0.998328 0.203932 0.998971 0.003887
0 0.102623 0.286237 0.101980 0.337677 0.062114 0.384545 0.062114 0.498857 0.170139 0.504572 0.172068 0.389118 0.137989 0.344536 0.136060 0.287380
0 0.195216 0.378829 0.195859 0.441701 0.211934 0.477138 0.262088 0.478281 0.263374 0.376543 0.239583 0.351395 0.240226 0.323960 0.221579 0.325103 0.220936 0.351395
0 0.265947 0.386831 0.265303 0.477138 0.345036 0.478281 0.340535 0.384545 0.309671 0.361683 0.307742 0.326246 0.287809 0.328532 0.288452 0.359396
0 0.381687 0.344536 0.381687 0.369684 0.354038 0.397119 0.356610 0.478281 0.424126 0.479424 0.423483 0.383402 0.400334 0.368541 0.400977 0.343393
0 0.426698 0.387974 0.426698 0.480567 0.493570 0.480567 0.490355 0.387974 0.471708 0.365112 0.469136 0.341107 0.451775 0.343393 0.451132 0.361683
0 0.494213 0.387974 0.495499 0.477138 0.549511 0.479424 0.564300 0.467993 0.573945 0.438272 0.574588 0.398262 0.542438 0.370828 0.538580 0.343393 0.519933 0.344536 0.517361 0.365112
0 0.615741 0.334248 0.616384 0.362826 0.590021 0.403978 0.591950 0.443987 0.596451 0.464563 0.609954 0.481710 0.658822 0.480567 0.658179 0.403978 0.636317 0.371971 0.634388 0.329675
0 0.662037 0.401692 0.663966 0.478281 0.725694 0.482853 0.725051 0.398262 0.705761 0.368541 0.703189 0.331962 0.686471 0.330818 0.686471 0.361683
0 0.727623 0.406264 0.729552 0.480567 0.796425 0.482853 0.793853 0.397119 0.774563 0.368541 0.770705 0.333105 0.752701 0.333105 0.753344 0.359396
0 0.797068 0.406264 0.800283 0.479424 0.865869 0.482853 0.864583 0.407407 0.841435 0.374257 0.838220 0.334248 0.822145 0.334248 0.821502 0.363969
0 0.867798 0.405121 0.869727 0.480567 0.934028 0.481710 0.932742 0.406264 0.910237 0.366255 0.906379 0.335391 0.890303 0.336534 0.889017 0.361683
0 0.934671 0.406264 0.937886 0.482853 0.997042 0.483996 0.996399 0.393690 0.979038 0.368541 0.977752 0.331962 0.956533 0.331962 0.958462 0.366255
3 0.885802 0.998400 0.894805 0.976680 0.910880 0.966392 0.944959 0.960677 0.998328 0.948102 0.998328 0.495428 0.003601 0.504572 0.000000 0.504572 0.001029 0.713763 0.053755 0.696616 0.142490 0.674897 0.169496 0.674897 0.404835 0.674897 0.562371 0.719479 0.577160 0.730910 0.588735 0.753772 0.589378 0.773205 0.580376 0.805213 0.567515 0.816644 0.689686 0.815501 0.675540 0.790352 0.672325 0.761774 0.683256 0.730910 0.699974 0.718336 0.742413 0.708048 0.836291 0.686328 0.881301 0.690901 0.920525 0.711477 0.950103 0.730910 0.966178 0.759488 0.963606 0.785780 0.935314 0.816644 0.898020 0.841792 0.856224 0.853224 0.826003 0.854367 0.742413 0.831504 0.694187 0.818930 0.560442 0.820073 0.521219 0.831504 0.471708 0.842936 0.403549 0.861225 0.148920 0.857796 0.001029 0.818930 0.001672 0.935528 0.020962 0.940101 0.047968 0.951532 0.067258 0.962963 0.074331 0.973251 0.083333 0.998400 0.164352 0.998400 0.173354 0.969822 0.193930 0.956104 0.244727 0.936671 0.283308 0.928669 0.345036 0.925240 0.410622 0.922954 0.518647 0.952675 0.564300 0.966392 0.581662 0.980110 0.589366 0.999074
1 0.993827 0.490855 0.172711 0.498857 0.173997 0.403978 0.173997 0.381116 0.139918 0.338820 0.139275 0.279378 0.100051 0.280521 0.098765 0.335391 0.057613 0.382259 0.058899 0.497714 -0.000000 0.497714 0.000000 0.000000 0.237011 0.000000 0.241512 0.192501 0.275592 0.197074 0.276235 0.226795 0.597094 0.233653 0.597094 0.200503 0.997042 0.208505 0.998328 0.383402 0.984182 0.362826 0.982253 0.328532 0.952675 0.328532 0.954604 0.362826 0.934671 0.398262 0.913452 0.362826 0.907665 0.328532 0.887088 0.329675 0.886445 0.361683 0.865226 0.399406 0.845293 0.371971 0.842078 0.329675 0.820216 0.329675 0.817644 0.360540 0.798997 0.394833 0.778421 0.363969 0.773277 0.329675 0.749486 0.328532 0.750772 0.357110 0.728909 0.395976 0.709619 0.367398 0.706404 0.326246 0.683899 0.326246 0.683256 0.359396 0.660751 0.398262 0.640818 0.370828 0.636960 0.321674 0.613169 0.329675 0.615098 0.358253 0.589378 0.399406 0.588735 0.447417 0.594522 0.470279 0.566872 0.470279 0.577803 0.437128 0.578447 0.397119 0.546296 0.367398 0.541152 0.336534 0.518004 0.339963 0.514789 0.361683 0.494213 0.382259 0.475566 0.361683 0.471708 0.335391 0.448560 0.336534 0.447274 0.357110 0.426698 0.379973 0.404192 0.362826 0.406121 0.337677 0.377829 0.338820 0.379115 0.367398 0.350823 0.393690 0.354681 0.473708 0.347608 0.474851 0.343107 0.381116 0.313529 0.357110 0.311600 0.321674 0.283308 0.325103 0.284594 0.357110 0.269162 0.376543 0.244084 0.345679 0.243441 0.320530 0.217078 0.320530 0.215792 0.347965 0.193287 0.374257 0.192001 0.446273 0.210648 0.481710 0.264660 0.481710 0.358539 0.481710 0.507073 0.483996 0.554012 0.483996 0.562371 0.474851 0.597737 0.474851 0.609311 0.486283 0.663323 0.482853 0.730195 0.486283 0.801569 0.485139 0.941101 0.487426