2 0.144735 0.900073 0.243055 0.902346 0.251576 0.868249 0.467882 0.872795 0.469193 0.909165 0.636993 0.910302 0.635699 0.998932 0.144079 0.998932
2 0.001842 0.124932 0.084431 0.127205 0.087053 0.448854 0.040515 0.456810 0.041826 0.730724 0.069355 0.728451 0.068044 0.926214 0.039859 0.926214 0.037237 0.971677 0.001186 0.983042
2 0.146046 0.174941 0.143424 0.340880 0.271896 0.338607 0.272551 0.169258
0 0.323023 0.670486 0.321056 0.797781 0.356452 0.804601 0.354485 0.851200 0.384637 0.852337 0.385293 0.806874 0.402990 0.801191 0.417411 0.763684 0.418066 0.664803
0 0.166365 0.696627 0.158499 0.861429 0.178819 0.859156 0.189307 0.845517 0.254854 0.848927 0.279106 0.732997 0.277140 0.669349 0.202416 0.654574
0 0.440352 0.653437 0.434453 0.729587 0.469848 0.845517 0.525563 0.856883 0.524252 0.652300
0 0.528185 0.650027 0.528841 0.858020 0.600943 0.856883 0.600287 0.652300
0 0.604220 0.652300 0.604875 0.842108 0.631750 0.839835 0.633061 0.865976 0.642237 0.876205 0.659935 0.854610 0.684187 0.834152 0.692053 0.805737 0.692709 0.670486 0.679599 0.650027
0 0.167021 0.363612 0.157189 0.388616 0.132281 0.394299 0.134903 0.426123 0.150634 0.429533 0.149323 0.494317 0.262064 0.498863 0.277140 0.465903 0.276484 0.382933 0.270585 0.355656 0.170953 0.353382
0 0.149323 0.500000 0.150634 0.572740 0.125070 0.575014 0.125726 0.639798 0.142113 0.642071 0.140802 0.684124 0.172264 0.667076 0.221425 0.609111 0.260753 0.504546
3 0.807416 0.003319 0.806105 0.245408 0.785130 0.326105 0.758256 0.371568 0.735314 0.393162 0.733348 0.486361 0.789718 0.429533 0.801517 0.419304 0.809382 0.426123 0.810693 0.513639 0.818559 0.619340 0.840845 0.745499 0.857887 0.812557 0.882795 0.892117 0.931290 0.998932 0.990292 0.998932 0.971284 0.962584 0.945720 0.911438 0.912291 0.822786 0.884106 0.719358 0.867064 0.640935 0.858543 0.571604 0.852644 0.493181 0.847400 0.286325 0.858543 0.149936 0.859854 0.001046
0 0.332199 0.134024 0.329577 0.197672 0.286972 0.216994 0.287627 0.360202 0.384637 0.367021 0.389881 0.220404 0.357763 0.196536 0.355796 0.132888
0 0.448873 0.132888 0.448873 0.207901 0.410200 0.251091 0.408890 0.363612 0.524252 0.372704 0.519009 0.210175 0.495412 0.205628 0.492134 0.134024
0 0.560303 0.129478 0.559648 0.193126 0.536706 0.222677 0.544572 0.369294 0.652069 0.378387 0.654036 0.259047 0.597665 0.201082 0.593077 0.132888
1 0.863131 0.002182 0.863131 0.147663 0.850022 0.282915 0.883451 0.284052 0.888039 0.220404 0.911636 0.220404 0.915569 0.427260 0.918846 0.535234 0.937199 0.667076 0.959485 0.754592 0.999384 0.854397 0.999384 0.003319
1 0.804139 0.002182 0.802828 0.245408 0.780542 0.322695 0.755634 0.368158 0.730726 0.392026 0.729415 0.487498 0.729415 0.530687 0.716961 0.562511 0.721549 0.613657 0.749079 0.606838 0.844122 0.984179 0.848660 0.998932 0.640271 0.998932 0.641582 0.904619 0.644204 0.884161 0.662557 0.862566 0.686809 0.838698 0.695986 0.804601 0.695986 0.664803 0.682221 0.643208 0.602909 0.644344 0.525563 0.644344 0.437075 0.647754 0.430520 0.729587 0.467882 0.853473 0.524252 0.863702 0.603564 0.862566 0.606842 0.852337 0.629128 0.846654 0.629783 0.863702 0.638960 0.885297 0.635683 0.904619 0.471815 0.904619 0.471815 0.867112 0.254198 0.862566 0.256820 0.855746 0.282384 0.737543 0.281728 0.672759 0.318434 0.673895 0.317779 0.800055 0.351864 0.809147 0.351864 0.856883 0.388570 0.855746 0.387914 0.813693 0.406923 0.806874 0.420688 0.764821 0.421999 0.661393 0.317779 0.665939 0.278451 0.663666 0.200450 0.648891 0.162432 0.693217 0.155222 0.865976 0.181441 0.862566 0.189962 0.853473 0.249610 0.853473 0.241089 0.897800 0.142768 0.895526 0.141457 0.997818 0.001422 0.998932 0.000531 0.988725 0.039859 0.976223 0.042481 0.933033 0.070666 0.931897 0.073944 0.721631 0.045758 0.722768 0.045103 0.465903 0.090330 0.453401 0.087709 0.119249 0.000531 0.119249 0.001186 0.001046 0.127823 -0.000000 0.142768 0.176077 0.140146 0.345426 0.275173 0.342017 0.283694 0.359065 0.272551 0.352246 0.167021 0.348836 0.163088 0.362475 0.155222 0.384070 0.128348 0.388616 0.130970 0.429533 0.146046 0.434079 0.144735 0.496590 0.147356 0.565921 0.122449 0.568194 0.122449 0.644344 0.138835 0.647754 0.137524 0.689807 0.175542 0.670486 0.224047 0.612520 0.264686 0.501137 0.279762 0.468176 0.281073 0.378387 0.275173 0.362475 0.290905 0.368158 0.389881 0.372704 0.410200 0.370431 0.526874 0.379524 0.545228 0.374977 0.656658 0.382933 0.656658 0.255637 0.601598 0.197672 0.595043 0.124932 0.555715 0.123795 0.556371 0.187443 0.532774 0.221540 0.539984 0.364748 0.528185 0.368158 0.522286 0.203355 0.499345 0.201082 0.494756 0.126068 0.446251 0.126068 0.444940 0.201082 0.406923 0.249955 0.406268 0.364748 0.387914 0.363612 0.392503 0.214721 0.363007 0.191989 0.359074 0.124932 0.330233 0.129478 0.327611 0.190853 0.283039 0.212448 0.283694 0.345426 0.275173 0.327241 0.274518 0.162439 0.147356 0.170395 0.131634 -0.000000