2 0.145390 0.276096 0.181441 0.322695 0.252232 0.205628 0.283694 0.199945 0.294182 0.168121 0.340065 0.157892 0.337443 0.126068 0.392503 0.120386 0.395125 0.152209 0.454772 0.143117 0.452806 0.110156 0.508521 0.098791 0.510488 0.131751 0.572102 0.123795 0.572102 0.093108 0.598321 0.088562 0.616018 0.099927 0.702541 0.082879 0.703852 0.105610 0.733348 0.096518 0.735970 0.081742 0.800206 0.074923 0.802172 0.089698 0.842156 0.080606 0.842156 0.063557 0.865753 0.057874 0.863131 0.036279 0.619296 0.071513 0.601598 0.061284 0.596354 0.026050 0.432486 0.039689 0.395210 0.000000 0.000531 0.000000 0.001842 0.301100 0.031338 0.176077 0.146701 0.098791 0.173575 0.148800 0.128348 0.234043 0.090986 0.178351 0.070011 0.181760 0.000531 0.315876 0.001186 0.528414 0.020851 0.570467 0.003153 0.603428 0.001186 0.995545 0.794962 0.997818 0.794307 0.911438 0.783819 0.889844 0.724827 0.837561 0.703196 0.844381 0.657969 0.896663 0.476403 0.902346 0.475092 0.850064 0.402990 0.858020 0.392503 0.881888 0.390536 0.912575 0.323678 0.908029 0.303359 0.871658 0.297459 0.870522 0.236501 0.767094 0.241744 0.759138 0.274518 0.810284 0.286972 0.793235 0.319745 0.847791 0.347931 0.802328 0.331544 0.735270 0.216836 0.542053 0.192584 0.584106 0.235845 0.711402 0.216181 0.747772 0.125070 0.593199 0.159155 0.526141 0.098196 0.385206
0 0.340720 0.129478 0.346620 0.185170 0.310569 0.236316 0.320401 0.396572 0.418066 0.367021 0.416100 0.229496 0.383326 0.188580 0.372183 0.176077 0.366284 0.129478
0 0.458705 0.115839 0.460672 0.149936 0.431831 0.215857 0.440352 0.346563 0.532774 0.337470 0.526219 0.209038 0.484924 0.152209 0.479025 0.111293
0 0.576035 0.097654 0.578001 0.127205 0.543917 0.205628 0.549816 0.339744 0.659935 0.329514 0.654036 0.206765 0.607497 0.132888 0.600287 0.093108
0 0.740558 0.087425 0.740558 0.138571 0.690742 0.219267 0.694675 0.301100 0.707784 0.320422 0.716961 0.323832 0.817248 0.318149 0.810038 0.187443 0.766777 0.130615 0.764155 0.082879
0 0.874274 0.046508 0.875585 0.103337 0.834290 0.188580 0.842156 0.306783 0.950309 0.296554 0.946376 0.171531 0.901804 0.105610 0.901148 0.043099
0 0.353174 0.657983 0.345964 0.768231 0.372839 0.823923 0.373494 0.863702 0.389225 0.862566 0.392503 0.818240 0.431831 0.773913 0.439041 0.673895 0.395780 0.677305
0 0.456739 0.669349 0.458050 0.783006 0.488202 0.835288 0.491479 0.887570 0.526874 0.883024 0.524252 0.835288 0.568824 0.775050 0.566203 0.664803
0 0.600943 0.663666 0.605531 0.771640 0.639615 0.813693 0.642893 0.876205 0.671733 0.876205 0.671078 0.821649 0.711062 0.773913 0.706473 0.651164
0 0.750390 0.646618 0.727449 0.711402 0.740558 0.788689 0.737281 0.840971 0.766121 0.869385 0.785785 0.823923 0.827080 0.796645 0.871652 0.645481
0 0.931956 0.661393 0.852644 0.734133 0.829047 0.847791 0.803483 0.894390 0.813315 0.933033 0.869030 0.898936 0.916880 0.956901 0.977183 0.865976 0.990292 0.792099 0.982427 0.744363
1 0.033960 0.179487 0.005775 0.295417 0.068044 0.177214 0.094919 0.173804 0.127037 0.224950 0.168987 0.148800 0.145390 0.104474
1 0.400368 0.001046 0.433797 0.036279 0.598321 0.021504 0.604875 0.059011 0.619296 0.065830 0.865753 0.030596 0.869030 0.060147 0.846744 0.066967 0.845433 0.086288 0.798895 0.095381 0.796928 0.081742 0.767432 0.084015 0.769399 0.127205 0.814626 0.185170 0.820525 0.318149 0.836257 0.309056 0.830357 0.190853 0.872308 0.102200 0.872308 0.041962 0.905081 0.037416 0.905737 0.103337 0.950964 0.168121 0.954242 0.297690 0.876240 0.646618 0.852644 0.728451 0.934577 0.653437 0.984393 0.739816 0.993570 0.795508 0.979805 0.870522 0.916224 0.963721 0.869030 0.906892 0.811349 0.938716 0.800206 0.892117 0.825769 0.844381 0.848711 0.737543 0.827080 0.803464 0.787752 0.827332 0.770054 0.869385 0.786441 0.886434 0.797584 0.911438 0.798861 0.998932 0.998158 0.998932 0.998158 0.002182
1 0.949653 0.303373 0.872963 0.639798 0.746457 0.642071 0.722860 0.712539 0.735970 0.789825 0.733348 0.839835 0.724171 0.831879 0.701230 0.839835 0.674355 0.871658 0.673700 0.825059 0.713684 0.776187 0.708440 0.645481 0.597665 0.660256 0.602909 0.775050 0.635027 0.818240 0.638960 0.879614 0.665179 0.879614 0.656658 0.890980 0.477714 0.895526 0.477059 0.844381 0.402990 0.850064 0.391847 0.872795 0.391192 0.867112 0.395125 0.826196 0.435764 0.773913 0.441008 0.676168 0.452151 0.673895 0.455428 0.786416 0.484269 0.840971 0.489512 0.893253 0.530152 0.885297 0.527530 0.839835 0.572102 0.778460 0.569480 0.659120 0.456739 0.663666 0.438386 0.667076 0.396436 0.670486 0.351864 0.650027 0.343342 0.767094 0.334166 0.728451 0.216836 0.535234 0.189307 0.580696 0.231912 0.710266 0.216181 0.737543 0.130970 0.593199 0.163743 0.528414 0.104095 0.385206 0.146701 0.282915 0.183407 0.331788 0.254198 0.212448 0.286972 0.207901 0.296148 0.176077 0.338099 0.165848 0.341376 0.182897 0.307947 0.234043 0.318434 0.401118 0.421999 0.369294 0.419377 0.227223 0.385948 0.184033 0.375460 0.172668 0.369561 0.129478 0.389881 0.126068 0.391847 0.157892 0.454117 0.149936 0.455428 0.153346 0.427243 0.212448 0.437075 0.354519 0.535395 0.344290 0.529496 0.202219 0.488857 0.149936 0.482302 0.110156 0.503933 0.104474 0.507866 0.137434 0.570791 0.130615 0.541295 0.203355 0.547849 0.347700 0.662557 0.332924 0.657313 0.202219 0.610775 0.131751 0.604875 0.098791 0.615363 0.106747 0.697952 0.089698 0.701230 0.112430 0.735970 0.102200 0.735314 0.135161 0.685498 0.216994 0.691398 0.305646 0.704507 0.329514 0.716961 0.330651 0.816593 0.324968 0.842156 0.313602
1 0.344653 0.777323 0.351864 0.805737 0.320401 0.854610 0.287627 0.801191 0.273862 0.814830 0.244366 0.769367 0.242400 0.772777 0.296804 0.863702 0.304014 0.867112 0.323678 0.904619 0.387259 0.905756 0.386603 0.883024 0.383982 0.868249 0.371528 0.869385 0.370217 0.826196