0 0.197788 0.087334 0.195859 0.241655 0.273663 0.339963 0.273663 0.407407 0.323174 0.409694 0.321888 0.342250 0.386188 0.262231 0.390046 0.082762
0 0.397762 0.082762 0.399048 0.258802 0.461420 0.343393 0.464635 0.410837 0.509002 0.414266 0.509645 0.344536 0.573302 0.261088 0.573945 0.083905
0 0.585520 0.088477 0.586806 0.257659 0.648534 0.343393 0.649820 0.414266 0.697402 0.417695 0.696759 0.346822 0.761060 0.265661 0.762346 0.086191
0 0.771348 0.090764 0.771991 0.264518 0.835648 0.346822 0.835648 0.413123 0.884516 0.417695 0.884516 0.352538 0.961034 0.249657 0.962963 0.091907
0 0.096193 0.462277 0.094264 0.537723 0.018390 0.626886 0.019033 0.721765 0.037037 0.753772 0.064043 0.769776 0.181070 0.765203 0.181070 0.605167 0.128344 0.533150 0.127058 0.461134
0 0.244727 0.461134 0.244727 0.533150 0.193287 0.608596 0.193287 0.767490 0.337963 0.767490 0.337963 0.604024 0.289095 0.536580 0.290381 0.459991
0 0.399048 0.469136 0.398405 0.535437 0.352752 0.605167 0.350823 0.768633 0.496142 0.772062 0.493570 0.602881 0.445988 0.541152 0.446631 0.466850
0 0.554012 0.465706 0.554655 0.536580 0.507073 0.604024 0.505787 0.772062 0.649177 0.775492 0.649820 0.609739 0.601595 0.538866 0.600309 0.465706
0 0.709619 0.467993 0.710905 0.538866 0.662037 0.609739 0.659465 0.775492 0.806713 0.775492 0.805427 0.616598 0.757202 0.543439 0.754630 0.466850
0 0.863940 0.470279 0.865869 0.538866 0.817001 0.610882 0.818287 0.774348 0.974537 0.777778 0.973894 0.630316 0.910880 0.536580 0.910880 0.466850
1 0.022248 0.398262 0.015175 0.472348 0.000000 0.580258 0.000000 1.000000 0.998971 0.997039 0.998971 0.470062 0.914095 0.467775 0.913452 0.535219 0.977109 0.631241 0.978395 0.780990 0.815072 0.782133 0.814429 0.607236 0.860725 0.540935 0.860082 0.468919 0.759131 0.467775 0.760417 0.542078 0.807356 0.614095 0.808642 0.779847 0.657536 0.780990 0.660108 0.607236 0.706404 0.539792 0.706404 0.467775 0.604810 0.464346 0.605453 0.534076 0.651749 0.607236 0.651749 0.783276 0.503858 0.776417 0.504501 0.600377 0.552083 0.535219 0.550154 0.464346 0.450489 0.464346 0.449203 0.538649 0.494856 0.598091 0.498071 0.776417 0.347608 0.771845 0.350180 0.602663 0.394547 0.534076 0.395190 0.467775 0.294239 0.462060 0.293596 0.528361 0.339892 0.600377 0.339892 0.775274 0.190072 0.771845 0.190072 0.604950 0.240226 0.534076 0.240869 0.456344 0.131559 0.462060 0.130916 0.531790 0.183642 0.603807 0.183642 0.770702 0.061471 0.776417 0.034465 0.759271 0.015175 0.723834 0.014532 0.627812 0.091692 0.535219 0.093621 0.457487 0.126415 0.455201 0.247299 0.451772 0.997685 0.463203 0.997685 0.422051 0.817644 0.422051 0.689686 0.422051 0.584234 0.418621 0.438915 0.417478 0.292953 0.415192 0.230581 0.415192 0.128987 0.415192 0.086548 0.411980
1 0.082690 0.002743 0.019676 0.386831 0.084619 0.402835 0.160494 0.409694 0.264017 0.406264 0.267233 0.406264 0.269805 0.406264 0.269805 0.341107 0.192644 0.241655 0.194573 0.079332 0.392618 0.077046 0.388760 0.267947 0.324460 0.345679 0.325103 0.409694 0.461420 0.411980 0.458848 0.345679 0.396476 0.258802 0.396476 0.077046 0.575874 0.080476 0.575231 0.266804 0.512217 0.346822 0.511574 0.411980 0.645319 0.413123 0.644676 0.345679 0.584234 0.261088 0.583591 0.083905 0.764275 0.081619 0.762989 0.267947 0.700617 0.349108 0.701903 0.416552 0.833076 0.416552 0.832433 0.350251 0.770062 0.267947 0.769419 0.087334 0.966821 0.088477 0.963606 0.251943 0.887088 0.354824 0.887731 0.416552 0.999479 0.416552 0.999479 0.005030