0 0.740484 0.005030 0.747557 0.227938 0.822788 0.222222 0.849794 0.123914 0.869727 0.122771 0.873585 0.085048 0.853009 0.085048 0.818565 0.000000
1 0.825360 0.002743 0.855581 0.081619 0.876157 0.080476 0.874871 0.129630 0.852366 0.131916 0.825360 0.230224 0.744342 0.235940 0.734697 0.002743 0.124486 0.001600 0.119985 0.318244 0.124486 0.318244 0.127058 0.145633 0.654964 0.152492 0.689686 0.250800 0.660751 0.344536 0.671682 0.377686 0.650463 0.401692 0.634388 0.367398 0.577803 0.377686 0.534079 0.253086 0.507716 0.347965 0.519290 0.378829 0.494856 0.399406 0.483925 0.370828 0.414480 0.376543 0.390689 0.311385 0.370756 0.335391 0.388117 0.386831 0.361111 0.415409 0.337320 0.413123 0.326389 0.382259 0.298740 0.415409 0.275592 0.413123 0.229295 0.279378 0.197145 0.314815 0.206790 0.349108 0.186214 0.367398 0.172711 0.338820 0.132202 0.341107 0.127058 0.329675 0.119342 0.330818 0.121271 0.408551 0.119985 0.425697 0.750129 0.429127 0.792567 0.407407 0.826003 0.326246 0.930813 0.003887
1 0.050540 0.592593 0.048611 0.910380 0.048611 0.998400 0.636960 0.997257 0.671039 0.935528 0.704475 0.834934 0.730195 0.764060 0.730195 0.594879 0.518647 0.596022 0.566229 0.736626 0.564943 0.864655 0.152778 0.850937 0.123200 0.764060 0.148920 0.671468 0.137346 0.636031 0.159208 0.610882 0.174640 0.640604 0.238297 0.637174 0.275592 0.745770 0.292953 0.687471 0.276878 0.636031 0.325746 0.601738 0.338606 0.636031 0.381687 0.599451 0.419624 0.703475 0.437629 0.681756 0.421553 0.636031 0.463349 0.592593 0.480067 0.638317 0.512217 0.599451 0.511574 0.588020 0.052469 0.581161
2 0.995113 0.738912 0.860082 0.885231 0.870370 0.940101 0.847222 0.965249 0.822145 0.991541 0.999479 0.997232
0 0.580376 0.369684 0.509002 0.160494 0.654321 0.161637 0.685828 0.253086 0.656893 0.342250 0.666538 0.370828 0.650463 0.391404 0.635031 0.360540
0 0.505144 0.157064 0.532793 0.241655 0.503858 0.346822 0.512217 0.374257 0.495499 0.391404 0.484568 0.362826 0.417695 0.371971 0.357896 0.158208
0 0.353395 0.160494 0.393904 0.298811 0.365612 0.329675 0.381687 0.383402 0.363040 0.405121 0.340535 0.407407 0.328318 0.371971 0.300026 0.402835 0.281379 0.406264 0.231224 0.271376 0.204861 0.157064
0 0.201646 0.157064 0.228652 0.272519 0.192644 0.310242 0.201646 0.343393 0.187500 0.360540 0.175283 0.329675 0.134774 0.330818 0.126415 0.310242 0.129630 0.154778
0 0.158565 0.621171 0.143776 0.637174 0.153421 0.666895 0.128344 0.767490 0.159208 0.846365 0.300669 0.849794 0.305170 0.853224 0.235725 0.648605 0.172711 0.648605
0 0.281379 0.642890 0.296811 0.688615 0.276878 0.758345 0.308385 0.847508 0.453061 0.854367 0.460134 0.853224 0.467850 0.854367 0.381687 0.608596 0.337963 0.646319 0.325746 0.609739
0 0.426698 0.644033 0.443416 0.688615 0.422840 0.711477 0.472351 0.853224 0.561085 0.854367 0.560442 0.733196 0.517361 0.604024 0.480710 0.647462 0.463992 0.602881 0.458205 0.605167
3 0.120628 0.002743 0.119342 0.155921 0.092978 0.153635 0.094264 0.085048 0.080118 0.088477 0.064686 0.103338 0.056327 0.126200 0.040252 0.873800 0.047325 0.894376 0.043467 0.998400 0.000000 0.993854 0.000000 0.001600