2 0.860725 0.003887 0.862011 0.998400 0.998971 0.998400 0.996399 0.001600
2 0.047325 0.764060 0.166924 0.762917 0.168210 0.815501 0.223508 0.814358 0.222865 0.998400 0.045396 0.998400
2 0.157922 0.002743 0.135417 0.106767 0.068544 0.288523 0.065329 0.367398 0.076260 0.391404 0.204861 0.394833 0.207433 0.000457
0 0.261445 0.111340 0.292953 0.109053 0.309028 0.054184 0.357253 0.053041 0.383616 0.054184 0.385545 0.216507 0.309028 0.217650 0.289738 0.157064 0.261445 0.158208
0 0.385545 0.224508 0.307742 0.224508 0.293596 0.269090 0.260802 0.272519 0.262088 0.319387 0.292953 0.320530 0.306456 0.368541 0.307742 0.377686 0.385545 0.377686
0 0.385545 0.384545 0.306456 0.383402 0.293596 0.429127 0.263374 0.432556 0.264017 0.481710 0.293596 0.481710 0.310957 0.538866 0.386188 0.535437
0 0.387474 0.543439 0.309028 0.548011 0.292953 0.594879 0.264017 0.597165 0.263374 0.641747 0.292953 0.641747 0.311600 0.700046 0.390046 0.702332
0 0.390046 0.708048 0.309671 0.705761 0.294882 0.757202 0.265303 0.760631 0.264660 0.804070 0.294239 0.802926 0.311600 0.863512 0.387474 0.862369
0 0.485211 0.041610 0.487783 0.198217 0.568801 0.197074 0.584234 0.146776 0.612526 0.141061 0.611883 0.098765 0.581662 0.091907 0.564943 0.039323
0 0.486497 0.205075 0.487783 0.360540 0.565586 0.359396 0.584234 0.303384 0.611883 0.305670 0.613169 0.258802 0.582305 0.255373 0.567515 0.202789
0 0.487140 0.365112 0.488426 0.520576 0.568158 0.519433 0.583591 0.469136 0.615098 0.464563 0.613169 0.422268 0.584877 0.419982 0.566872 0.365112
0 0.487140 0.525149 0.489069 0.684042 0.570087 0.680613 0.586163 0.626886 0.613812 0.626886 0.613169 0.580018 0.584877 0.578875 0.568158 0.525149
0 0.487783 0.690901 0.488426 0.844079 0.570087 0.841792 0.585520 0.791495 0.612526 0.790352 0.613169 0.740055 0.586163 0.742341 0.566872 0.688615
0 0.488426 0.849794 0.490355 0.996113 0.559746 0.999074 0.572659 0.998400 0.585520 0.950389 0.615741 0.952675 0.613812 0.905807 0.588735 0.903521 0.568158 0.848651
1 0.618956 0.958390 0.586163 0.957247 0.576163 0.999074 0.858796 0.999074 0.856224 0.001600 0.604167 0.000457 0.467078 0.000000 0.264017 0.002743 0.262088 0.105624 0.288452 0.105624 0.305813 0.049611 0.385545 0.047325 0.388117 0.222222 0.389403 0.379973 0.390046 0.537723 0.393261 0.704618 0.391332 0.868084 0.308385 0.868084 0.291667 0.808642 0.264660 0.810928 0.264660 0.885231 0.264660 0.942387 0.280736 0.992684 0.485854 0.997257 0.485211 0.847508 0.483925 0.687471 0.484568 0.519433 0.483925 0.359396 0.483925 0.197074 0.483282 0.034751 0.568158 0.035894 0.583591 0.087334 0.613812 0.093050 0.615098 0.143347 0.585520 0.151349 0.571373 0.202789 0.584877 0.248514 0.616384 0.255373 0.615098 0.309099 0.586806 0.309099 0.570087 0.358253 0.586163 0.414266 0.617027 0.418839 0.617670 0.469136 0.586806 0.474851 0.572016 0.520576 0.586163 0.572016 0.615741 0.576589 0.617670 0.632602 0.588735 0.633745 0.572659 0.687471 0.586806 0.735482 0.615741 0.732053 0.616384 0.794925 0.588092 0.797211 0.572659 0.846365 0.590021 0.895519 0.615741 0.901235