2 0.997042 0.902378 0.921168 0.902378 0.919239 0.866941 0.866512 0.860082 0.867155 0.861225 0.872299 0.686328 0.898663 0.681756 0.901878 0.554870 0.876157 0.556013 0.879372 0.374257 0.901235 0.373114 0.901878 0.202789 0.878086 0.205075 0.827932 0.112483 0.737269 0.109053 0.736626 0.070187 0.635674 0.069044 0.586806 0.065615 0.586806 0.011888 0.271734 0.015318 0.271734 0.000457 0.999479 0.001600
2 0.122557 0.001600 0.121914 0.305670 0.074331 0.307956 0.073045 0.845222 0.000000 0.858772 0.000000 0.000000
2 0.124486 0.133059 0.125129 0.304527 0.192644 0.306813 0.247299 0.222222 0.251800 0.081619 0.240226 0.081619 0.231224 0.187929 0.188143 0.256516 0.186214 0.154778 0.154064 0.152492 0.152778 0.135345
0 0.319959 0.074760 0.315458 0.153635 0.279450 0.193644 0.275592 0.295382 0.276235 0.311385 0.336677 0.386831 0.396476 0.382259 0.393261 0.199360 0.346965 0.144490 0.345036 0.073617
0 0.448560 0.048468 0.444059 0.141061 0.427341 0.152492 0.429913 0.191358 0.398405 0.215364 0.397119 0.216507 0.400334 0.384545 0.527649 0.383402 0.525720 0.207362 0.494213 0.181070 0.493570 0.149063 0.471708 0.138775 0.472351 0.047325
0 0.528292 0.215364 0.530864 0.384545 0.639532 0.381116 0.641461 0.205075 0.605453 0.179927 0.604167 0.090764 0.575231 0.089620 0.573302 0.137631 0.559156 0.157064 0.558513 0.186786 0.536008 0.210791
0 0.777135 0.165066 0.758488 0.197074 0.741770 0.195930 0.729552 0.215364 0.701260 0.201646 0.674897 0.237083 0.676183 0.374257 0.762989 0.386831 0.782279 0.353681 0.773920 0.293096 0.783565 0.272519 0.773920 0.254230 0.800926 0.206219
0 0.762989 0.445130 0.671039 0.448560 0.653035 0.448560 0.654321 0.661180 0.767490 0.658893 0.780993 0.607453 0.801569 0.605167 0.802855 0.578875 0.849794 0.573160 0.850437 0.529721 0.806713 0.534294 0.801569 0.533150 0.800926 0.495428 0.780993 0.495428
0 0.833719 0.798354 0.833076 0.748057 0.786780 0.753772 0.787423 0.724051 0.766847 0.722908 0.750772 0.677183 0.654321 0.677183 0.654321 0.894376 0.754630 0.893233 0.770705 0.840649 0.787423 0.839506 0.786780 0.809785
0 0.281379 0.383402 0.212577 0.334248 0.193287 0.363969 0.178498 0.378829 0.137989 0.361683 0.124486 0.430270 0.167567 0.463420 0.180427 0.470279 0.182356 0.519433 0.300026 0.593736 0.301312 0.475995 0.292953 0.411980
0 0.300026 0.639460 0.221579 0.557156 0.193930 0.577732 0.175926 0.566301 0.163709 0.589163 0.118056 0.541152 0.103266 0.581161 0.153421 0.636031 0.141847 0.666895 0.160494 0.688615 0.160494 0.740055 0.212577 0.799497 0.264660 0.775492 0.293596 0.841792 0.301955 0.849794
0 0.294882 0.998400 0.247299 0.884088 0.210648 0.889803 0.201003 0.869227 0.186857 0.888660 0.157922 0.822359 0.135417 0.853224 0.158565 0.903521 0.143776 0.925240 0.165638 0.967535 0.158542 0.999074
1 0.997685 0.998400 0.997042 0.909236 0.918596 0.910380 0.917310 0.870370 0.862654 0.863512 0.867798 0.680613 0.892876 0.673754 0.896734 0.560585 0.873585 0.562872 0.874871 0.369684 0.899306 0.366255 0.898663 0.207362 0.875514 0.209648 0.824074 0.118198 0.734053 0.114769 0.733410 0.078189 0.635031 0.075903 0.581019 0.072474 0.581662 0.019890 0.267876 0.021033 0.265947 0.003887 0.127058 0.002743 0.126415 0.127343 0.155350 0.130773 0.157922 0.145633 0.188143 0.147920 0.190715 0.248514 0.226080 0.186786 0.237011 0.073617 0.255658 0.075903 0.250514 0.226795 0.197145 0.310242 0.127058 0.310242 0.078832 0.312529 0.076260 0.848651 0.000000 0.865458 0.000000 0.999074 0.155350 0.998400 0.160494 0.969822 0.139275 0.926383 0.153421 0.904664 0.130273 0.850937 0.158565 0.815501 0.187500 0.881802 0.201003 0.863512 0.211291 0.884088 0.249228 0.876086 0.300026 0.994970 0.505472 0.999074 0.755916 0.999074 0.753987 0.898948 0.650463 0.897805 0.651749 0.672611 0.649820 0.442844 0.764918 0.440558 0.763632 0.393690 0.676826 0.378829 0.641461 0.387974 0.527006 0.389118 0.397119 0.390261 0.334105 0.391404 0.276235 0.321674 0.282022 0.373114 0.297454 0.409694 0.306456 0.475995 0.304527 0.597165 0.303884 0.642890 0.304527 0.855510 0.288452 0.844079 0.262088 0.783493 0.211291 0.805213 0.157922 0.742341 0.157279 0.692044 0.136703 0.668038 0.146991 0.638317 0.098765 0.582305 0.118056 0.534294 0.164352 0.582305 0.173354 0.558299 0.193287 0.570873 0.222222 0.551440 0.300026 0.631459 0.300669 0.600594 0.177855 0.520576 0.177212 0.477138 0.167567 0.469136 0.119342 0.433699 0.136060 0.354824 0.178498 0.374257 0.192001 0.358253 0.212577 0.328532 0.280093 0.373114 0.273663 0.318244 0.271734 0.295382 0.276235 0.189072 0.311600 0.152492 0.316101 0.069044 0.348894 0.066758 0.351466 0.141061 0.395833 0.194787 0.398405 0.206219 0.424126 0.189072 0.423483 0.146776 0.438272 0.138775 0.445345 0.042753 0.475566 0.042753 0.476209 0.131916 0.496142 0.144490 0.498071 0.177641 0.529578 0.203932 0.554012 0.182213 0.555941 0.150206 0.570087 0.135345 0.572016 0.085048 0.607382 0.086191 0.608668 0.174211 0.643390 0.198217 0.644033 0.378829 0.672968 0.373114 0.671682 0.235940 0.701903 0.192501 0.728909 0.209648 0.739841 0.191358 0.755916 0.190215 0.775849 0.158208 0.804141 0.205075 0.778421 0.253086 0.788066 0.272519 0.777135 0.296525 0.787423 0.353681 0.768133 0.386831 0.768133 0.433699 0.770062 0.449703 0.782922 0.489712 0.804141 0.489712 0.806070 0.524005 0.854295 0.524005 0.853652 0.577732 0.806070 0.584591 0.805427 0.610882 0.782922 0.613169 0.771991 0.663466 0.656893 0.665752 0.656893 0.670325 0.754630 0.672611 0.769419 0.717193 0.791281 0.719479 0.791924 0.746914 0.835648 0.743484 0.836934 0.802926 0.790638 0.813214 0.790638 0.842936 0.773277 0.847508 0.759774 0.892090 0.761703 0.998400