2 0.326389 0.000457 0.323817 0.602881 0.322531 0.737769 0.323174 0.772062 0.395190 0.773205 0.395190 0.000000 0.327675 0.000000
2 0.842078 0.626886 0.713639 0.999074 0.894805 0.999074 0.939172 0.878372 0.956533 0.894376 0.962320 0.873800 0.946245 0.852080 0.976466 0.769776
2 0.998971 0.432556 0.922454 0.656607 0.966821 0.709191 0.999479 0.744481 0.999479 0.434842
0 0.267233 0.745770 0.224151 0.746914 0.222222 0.740055 0.178498 0.737769 0.166281 0.746914 0.162423 0.768633 0.161780 0.997257 0.226080 0.998400 0.268519 0.961820 0.275592 0.905807 0.287809 0.897805 0.293596 0.880658 0.294239 0.847508 0.283951 0.825789
1 0.000386 0.001600 0.000000 0.642890 0.010031 0.608596 0.017104 0.623457 0.023534 0.664609 0.023534 0.695473 0.024177 0.759488 0.022891 0.824646 0.021605 0.864655 0.014532 0.927526 0.001029 0.909236 0.001029 0.998400 0.155993 0.996113 0.157279 0.766347 0.164352 0.740055 0.177855 0.728624 0.225437 0.730910 0.271091 0.740055 0.287809 0.822359 0.298097 0.844079 0.296168 0.881802 0.289738 0.902378 0.278164 0.911523 0.272377 0.964106 0.232423 0.999074 0.283308 0.998400 0.277521 0.954961 0.309028 0.855510 0.293596 0.824646 0.303884 0.805213 0.327675 0.796068 0.340535 0.807499 0.346965 0.834934 0.384902 0.878372 0.387474 0.871513 0.373971 0.836077 0.357253 0.825789 0.363683 0.785780 0.379115 0.792638 0.384259 0.780064 0.318030 0.776635 0.322527 0.000000 0.257587 0.000000 0.228009 0.053041 0.217721 0.057613 0.217721 0.062186 0.229938 0.081619 0.259516 0.063329 0.283951 0.127343 0.285237 0.141061 0.301312 0.143347 0.300669 0.179927 0.287166 0.182213 0.287166 0.197074 0.255015 0.198217 0.219650 0.261088 0.234439 0.273663 0.259516 0.257659 0.273663 0.313672 0.284594 0.323960 0.285880 0.337677 0.300669 0.337677 0.300669 0.378829 0.286523 0.378829 0.286523 0.394833 0.256301 0.397119 0.220293 0.453132 0.249871 0.461134 0.287166 0.551440 0.300669 0.553727 0.301312 0.598308 0.287809 0.598308 0.285880 0.615455 0.257587 0.645176 0.256301 0.666895 0.203575 0.714906 0.145705 0.714906 0.146985 -0.000000
1 0.399691 0.002743 0.397119 0.759488 0.407407 0.688615 0.400334 0.662323 0.419624 0.640604 0.429270 0.664609 0.442773 0.664609 0.420910 0.601738 0.400334 0.589163 0.417695 0.474851 0.420267 0.472565 0.447274 0.495428 0.481353 0.479424 0.461420 0.447417 0.447917 0.464563 0.409979 0.446273 0.410622 0.405121 0.402906 0.401692 0.404192 0.359396 0.415766 0.355967 0.418338 0.344536 0.447274 0.342250 0.474280 0.290809 0.484568 0.283951 0.461420 0.248514 0.444059 0.266804 0.408050 0.233653 0.409336 0.207362 0.401620 0.206219 0.402263 0.160494 0.413837 0.161637 0.415123 0.146776 0.445345 0.144490 0.469779 0.099909 0.485854 0.082762 0.463992 0.025606 0.443416 0.030178 0.442158 0.000000
0 0.287809 0.997257 0.283308 0.956104 0.313529 0.857796 0.300026 0.828075 0.307099 0.813214 0.328318 0.802926 0.339249 0.817787 0.342464 0.841792 0.392618 0.888660 0.406121 0.904664 0.373879 0.999074 0.290381 0.999074
0 0.408050 0.900091 0.394547 0.877229 0.378472 0.831504 0.361754 0.821216 0.365612 0.794925 0.382330 0.799497 0.397119 0.777778 0.437629 0.812071
0 0.438915 0.807499 0.401620 0.773205 0.413194 0.688615 0.406121 0.669182 0.418338 0.652035 0.427984 0.672611 0.453061 0.671468 0.472994 0.714906
0 0.474923 0.708048 0.450489 0.661180 0.429270 0.597165 0.406764 0.583448 0.422197 0.482853 0.445345 0.503429 0.489069 0.488569 0.534079 0.536580
0 0.536651 0.532007 0.488426 0.481710 0.461420 0.434842 0.447917 0.457705 0.414480 0.439415 0.414480 0.399406 0.406121 0.395976 0.407407 0.367398 0.421553 0.366255 0.422197 0.349108 0.447274 0.353681 0.476209 0.299954 0.485854 0.298811 0.489712 0.285094 0.550154 0.283951 0.551440 0.497714
0 0.549511 0.279378 0.488426 0.277092 0.462063 0.239369 0.443416 0.256516 0.413194 0.229081 0.413194 0.198217 0.404835 0.197074 0.404192 0.168496 0.418981 0.168496 0.420267 0.153635 0.448560 0.152492 0.473637 0.104481 0.483282 0.101052 0.491641 0.079332 0.548225 0.083905
0 0.547582 0.078189 0.490355 0.073617 0.476852 0.041610 0.466564 0.019890 0.445988 0.019890 0.447917 0.000457 0.548225 0.000457
0 0.249871 0.000457 0.208719 0.063329 0.230581 0.089620 0.256944 0.070187 0.278164 0.125057 0.278807 0.147920 0.297454 0.150206 0.296811 0.173068 0.281379 0.175354 0.281379 0.190215 0.251800 0.191358 0.220293 0.245085 0.213220 0.258802 0.150849 0.258802 0.151490 0.000000
0 0.152135 0.264518 0.213220 0.264518 0.234439 0.286237 0.256301 0.269090 0.269162 0.315958 0.281379 0.329675 0.282022 0.344536 0.298097 0.344536 0.298097 0.371971 0.282665 0.371971 0.280736 0.387974 0.253729 0.389118 0.213863 0.453132 0.151492 0.454275
0 0.152135 0.458848 0.213220 0.458848 0.245370 0.466850 0.282022 0.552583 0.281379 0.561728 0.295525 0.561728 0.295525 0.586877 0.282022 0.589163 0.281379 0.602881 0.253086 0.633745 0.250514 0.663466 0.205504 0.705761 0.148920 0.708048
3 0.552083 0.001600 0.554012 0.497714 0.377673 0.999074 0.473637 0.999074 0.551440 0.784636 0.603524 0.687471 0.626029 0.662323 0.640818 0.668038 0.646605 0.688615 0.640818 0.758345 0.624100 0.841792 0.618313 0.997257 0.882587 0.231367 0.892876 0.203932 0.909594 0.187929 0.931456 0.181070 0.948817 0.187929 0.999479 0.049031 0.999479 0.000457 0.968804 0.000000 0.771348 0.001600 0.822145 0.073617 0.833076 0.098765 0.840149 0.125057 0.840792 0.160494 0.836291 0.191358 0.786137 0.377686 0.730195 0.512574 0.714763 0.533150 0.696116 0.541152 0.673611 0.535437 0.656250 0.514861 0.644676 0.486283 0.642747 0.466850 0.635031 0.312529 0.646605 0.085048 0.651106 0.053041 0.659465 0.030178 0.667181 0.015318 0.675540 0.000457