2 0.877443 0.674897 0.876157 0.752629 0.802855 0.892090 0.786137 0.909236 0.352109 0.930956 0.350823 0.998400 0.999479 0.998400 0.999479 0.790352 0.973894 0.778921 0.968107 0.673754 0.968107 0.664609
0 0.673611 0.591449 0.674897 0.752629 0.710905 0.807499 0.714120 0.844079 0.713477 0.858939 0.769419 0.800640 0.772634 0.762917 0.777135 0.752629 0.779064 0.589163 0.680041 0.589163
0 0.490998 0.600594 0.491641 0.789209 0.537937 0.853224 0.541152 0.908093 0.595808 0.905807 0.595808 0.885231 0.595808 0.847508 0.657536 0.768633 0.657536 0.591449
0 0.321245 0.605167 0.319316 0.767490 0.372685 0.862369 0.376543 0.909236 0.442130 0.906950 0.438272 0.834934 0.473637 0.774348 0.469779 0.598308
0 0.300669 0.604024 0.294882 0.816644 0.278807 0.873800 0.304527 0.926383 0.264017 0.976680 0.243441 0.945816 0.197145 0.966392 0.116770 0.865798 0.118699 0.664609 0.135417 0.618884 0.166281 0.604024
0 0.263374 0.159351 0.231867 0.161637 0.232510 0.192501 0.194573 0.249657 0.195859 0.377686 0.300026 0.371971 0.298097 0.242798 0.262088 0.197074
0 0.335391 0.158208 0.336677 0.189072 0.301955 0.239369 0.303884 0.373114 0.398405 0.369684 0.406121 0.370828 0.405478 0.239369 0.368827 0.192501 0.368184 0.157064
0 0.442130 0.154778 0.443416 0.187929 0.408050 0.235940 0.409336 0.369684 0.514789 0.371971 0.511574 0.238226 0.472994 0.189072 0.474280 0.152492
0 0.548225 0.153635 0.550154 0.185642 0.514789 0.234797 0.518647 0.369684 0.620885 0.368541 0.617027 0.234797 0.579090 0.184499 0.579733 0.149063
0 0.652392 0.147920 0.654321 0.184499 0.620242 0.231367 0.624743 0.367398 0.725051 0.363969 0.720550 0.232510 0.686471 0.185642 0.684542 0.149063
1 0.997685 0.003887 0.000000 0.002745 0.000000 0.999074 0.346965 0.999074 0.350180 0.924097 0.597094 0.914952 0.595808 0.910380 0.537294 0.912666 0.533436 0.856653 0.487140 0.790352 0.487783 0.600594 0.474280 0.599451 0.476209 0.777778 0.442773 0.834934 0.444702 0.912666 0.372685 0.912666 0.369470 0.866941 0.316101 0.768633 0.318030 0.606310 0.305170 0.605167 0.298097 0.817787 0.282665 0.872657 0.307742 0.929813 0.264017 0.982396 0.242155 0.952675 0.197788 0.972108 0.114198 0.869227 0.115484 0.661180 0.133488 0.614312 0.165638 0.597165 0.301955 0.598308 0.323817 0.599451 0.472351 0.592593 0.493570 0.593736 0.659465 0.585734 0.660751 0.773205 0.599023 0.852080 0.599023 0.886374 0.600952 0.912666 0.782279 0.901235 0.800283 0.887517 0.871656 0.746914 0.874228 0.670325 0.971322 0.657750 0.978395 0.772062 0.998971 0.782350 0.999479 0.716246 0.999479 0.360540 0.728266 0.368541 0.680041 0.581161 0.780993 0.582305 0.781636 0.751486 0.775849 0.768633 0.773277 0.805213 0.710905 0.868084 0.708333 0.810928 0.671039 0.756059 0.669753 0.585734 0.676183 0.578875 0.725051 0.368541 0.623457 0.371971 0.518647 0.377686 0.409336 0.376543 0.301955 0.379973 0.193287 0.382259 0.191358 0.242798 0.227366 0.190215 0.229295 0.154778 0.266590 0.151349 0.265947 0.191358 0.297454 0.233653 0.330890 0.189072 0.332176 0.153635 0.370756 0.151349 0.373328 0.187929 0.404192 0.230224 0.438272 0.187929 0.437629 0.150206 0.478138 0.147920 0.477495 0.185642 0.511574 0.229081 0.547582 0.183356 0.545653 0.149063 0.582948 0.143347 0.582948 0.178784 0.616384 0.225652 0.649820 0.183356 0.649177 0.143347 0.687114 0.144490 0.690329 0.179927 0.723122 0.226795 0.728266 0.361683 0.999479 0.353704