2 0.001672 0.135345 0.037680 0.147920 0.037680 0.166209 0.170139 0.163923 0.170139 0.192501 0.228009 0.192501 0.229938 0.313672 0.445988 0.312529 0.449846 0.274806 0.488426 0.273663 0.488426 0.261088 0.518004 0.258802 0.524434 0.283951 0.582305 0.282807 0.585520 0.306813 0.622814 0.306813 0.624743 0.367398 0.665252 0.366255 0.666538 0.433699 0.654964 0.456561 0.628601 0.463420 0.626672 0.501143 0.448560 0.514861 0.450489 0.556013 0.351466 0.566301 0.346965 0.514861 0.217721 0.519433 0.215792 0.490855 0.172068 0.493141 0.173354 0.527435 0.123200 0.534294 0.125772 0.568587 0.141847 0.590306 0.141204 0.618884 0.091692 0.711477 0.078832 0.709191 0.066615 0.689758 0.037037 0.693187 0.040895 0.781207 0.041533 0.999074 0.000000 0.998414
0 0.277521 0.003887 0.271734 0.073617 0.347608 0.209648 0.345036 0.303384 0.382973 0.310242 0.388117 0.222222 0.471708 0.103338 0.474923 0.000457
0 0.481353 0.001600 0.535365 0.176497 0.521862 0.238226 0.555298 0.261088 0.568158 0.195930 0.687757 0.097622 0.706477 0.000000
0 0.701260 0.034751 0.692258 0.154778 0.649820 0.208505 0.672325 0.274806 0.714120 0.221079 0.827289 0.263374 0.935314 0.199360 0.852784 0.000000 0.708333 0.000000
0 0.917310 0.218793 0.827932 0.267947 0.779064 0.360540 0.721836 0.353681 0.719907 0.423411 0.775849 0.431413 0.816358 0.535437 0.823431 0.537723 0.875514 0.629172
0 0.870370 0.631459 0.820216 0.542295 0.715406 0.553727 0.675540 0.486283 0.644676 0.534294 0.684542 0.604024 0.683256 0.650892 0.680684 0.735482 0.753987 0.860082
0 0.689686 0.913809 0.681970 0.748057 0.596451 0.631459 0.592593 0.541152 0.556584 0.541152 0.558513 0.636031 0.482639 0.767490 0.487783 0.925240
0 0.484568 0.924097 0.479424 0.766347 0.402263 0.649749 0.398405 0.578875 0.367541 0.581161 0.369470 0.655464 0.293596 0.783493 0.298097 0.932099
0 0.294882 0.930956 0.292310 0.805213 0.213220 0.679470 0.213220 0.605167 0.180427 0.607453 0.181713 0.680613 0.102623 0.805213 0.107124 0.938957
1 0.998971 0.992684 0.046682 0.997257 0.044753 0.780064 0.041538 0.701189 0.064043 0.694330 0.077546 0.717193 0.094264 0.718336 0.145062 0.621171 0.145062 0.586877 0.130273 0.565158 0.129630 0.541152 0.174640 0.534294 0.177855 0.502286 0.211934 0.497714 0.215149 0.524005 0.344393 0.520576 0.348894 0.572016 0.452418 0.561728 0.452418 0.521719 0.629244 0.506859 0.632459 0.469136 0.656893 0.461134 0.671039 0.434842 0.668467 0.357110 0.627958 0.362826 0.626672 0.298811 0.588735 0.299954 0.586163 0.275949 0.527649 0.278235 0.520576 0.251943 0.487140 0.254230 0.482639 0.267947 0.447274 0.266804 0.444059 0.304527 0.386831 0.306813 0.391332 0.227938 0.474280 0.107910 0.478138 0.002743 0.530864 0.174211 0.519290 0.240512 0.557870 0.266804 0.570087 0.201646 0.688400 0.103338 0.689686 0.147920 0.643390 0.207362 0.670396 0.282807 0.716049 0.227938 0.821502 0.267947 0.777135 0.351395 0.716692 0.346822 0.716692 0.429127 0.773920 0.437128 0.811214 0.535437 0.716692 0.545725 0.675540 0.477138 0.641461 0.534294 0.678755 0.607453 0.679398 0.649749 0.677469 0.732053 0.600309 0.628029 0.595165 0.533150 0.553369 0.535437 0.554012 0.631459 0.481353 0.757202 0.405478 0.645176 0.401620 0.574303 0.363040 0.576589 0.364326 0.649749 0.289095 0.778921 0.289738 0.791495 0.217721 0.677183 0.216435 0.598308 0.176569 0.602881 0.177212 0.677183 0.099408 0.801783 0.101980 0.944673 0.294882 0.937814 0.483925 0.930956 0.694187 0.918381 0.686471 0.752629 0.753987 0.866941 0.872942 0.637174 0.880015 0.634888 0.921811 0.215364 0.941101 0.199360 0.858153 0.001600 0.958526 0.000000 0.999479 0.003874
1 0.001029 0.002743 0.001672 0.127343 0.039609 0.143347 0.041538 0.161637 0.173997 0.158208 0.174640 0.189072 0.231867 0.189072 0.233796 0.307956 0.339249 0.305670 0.343107 0.213077 0.266590 0.075903 0.271734 0.000457