2 0.029964 0.386831 0.032536 0.601738 0.999479 0.592594 0.999479 0.378829
0 0.011960 0.001600 0.008102 0.201646 0.073045 0.283951 0.076260 0.360540 0.124486 0.357110 0.126415 0.286237 0.163709 0.232510 0.165638 0.006173
0 0.199074 0.007316 0.199074 0.233653 0.246656 0.291952 0.249871 0.355967 0.298097 0.358253 0.296168 0.282807 0.352752 0.190215 0.352109 0.005030
0 0.390689 0.000457 0.390046 0.240512 0.418981 0.285094 0.420267 0.354824 0.466564 0.359396 0.467850 0.285094 0.512860 0.223365 0.514789 0.001600
0 0.545653 0.000000 0.545653 0.227938 0.588735 0.285094 0.590021 0.358253 0.641461 0.357110 0.638889 0.282807 0.695473 0.185642 0.691615 0.001600
0 0.721193 0.000000 0.725051 0.222222 0.761703 0.282807 0.762989 0.357110 0.811214 0.354824 0.809928 0.288523 0.853652 0.210791 0.874228 0.170782 0.872299 0.000000
0 0.091049 0.661180 0.089120 0.713763 0.006173 0.834934 0.001672 0.991541 0.177212 0.984682 0.182999 0.984682 0.185571 0.822359 0.126415 0.730910 0.127058 0.653178
0 0.188786 0.823503 0.188143 0.986968 0.347608 0.984682 0.357253 0.983539 0.357253 0.817787 0.299383 0.733196 0.297454 0.653178 0.246656 0.652035 0.242798 0.744627
0 0.418981 0.654321 0.418338 0.729767 0.361754 0.815501 0.361111 0.983539 0.526363 0.981253 0.528292 0.815501 0.471065 0.726337 0.470422 0.657750
0 0.588735 0.654321 0.588735 0.719479 0.530864 0.816644 0.528935 0.981253 0.703832 0.981253 0.701260 0.813214 0.642747 0.727481 0.639532 0.649749
0 0.762346 0.650892 0.762989 0.717193 0.705761 0.809785 0.707047 0.982396 0.882587 0.983539 0.880015 0.818930 0.811214 0.727481 0.807999 0.647462
1 0.004244 0.997257 0.183642 0.991541 0.358539 0.990398 0.527006 0.989255 0.705118 0.986968 0.888374 0.986968 0.883230 0.813214 0.816358 0.726337 0.811214 0.640604 0.757845 0.646319 0.760417 0.712620 0.701260 0.806356 0.645962 0.725194 0.642104 0.644033 0.584234 0.648605 0.585520 0.716049 0.531507 0.807499 0.474280 0.721765 0.472351 0.652035 0.413837 0.649749 0.413837 0.724051 0.357896 0.810928 0.303884 0.730910 0.300669 0.646319 0.244727 0.647462 0.239583 0.741198 0.189429 0.814358 0.132202 0.727481 0.130273 0.646319 0.087834 0.656607 0.086548 0.711477 0.002958 0.829218 0.000386 0.000457 0.010031 0.000457 0.006173 0.206219 0.069830 0.287380 0.073688 0.365112 0.128987 0.361683 0.129630 0.289666 0.166924 0.234797 0.168853 0.005030 0.195859 0.006173 0.195859 0.238226 0.242798 0.296525 0.246013 0.359396 0.301955 0.362826 0.300026 0.283951 0.355967 0.190215 0.355324 0.003887 0.386831 0.000457 0.387474 0.246228 0.415766 0.289666 0.417052 0.359396 0.471065 0.363969 0.472351 0.288523 0.516718 0.224508 0.518004 0.001600 0.541795 0.000457 0.544367 0.232510 0.584234 0.287380 0.587449 0.362826 0.645319 0.360540 0.642747 0.286237 0.699974 0.185642 0.696116 0.000457 0.718621 0.000457 0.721836 0.227938 0.757845 0.286237 0.759774 0.362826 0.814429 0.359396 0.813786 0.294239 0.857510 0.216507 0.878086 0.173068 0.875541 -0.000000 0.999479 0.000000 0.999479 0.373114 0.028035 0.382259 0.029321 0.608596 0.999479 0.596032 0.999479 0.999074 0.003601 0.999074