2 0.997685 0.369684 0.037037 0.369684 0.039609 0.592593 0.995113 0.590306
0 0.760417 0.000457 0.762989 0.250800 0.800926 0.285094 0.811214 0.337677 0.858796 0.337677 0.856224 0.234797 0.896734 0.199360 0.916024 0.142204 0.911544 0.000000
0 0.730195 0.002743 0.731481 0.186786 0.669753 0.255373 0.673611 0.335391 0.626029 0.336534 0.616384 0.279378 0.570730 0.248514 0.568801 0.001600
0 0.548225 0.000000 0.548868 0.177641 0.494856 0.237083 0.493570 0.334248 0.448560 0.339963 0.434414 0.275949 0.399691 0.255373 0.397776 0.000000
0 0.371399 0.000457 0.366898 0.187929 0.309671 0.253086 0.312886 0.334248 0.267233 0.336534 0.253729 0.273663 0.219007 0.253086 0.222865 0.000457
0 0.192773 0.000000 0.184285 0.173068 0.128987 0.256516 0.129630 0.338820 0.079475 0.338820 0.070473 0.282807 0.011317 0.235940 0.012587 0.000000
0 0.101980 0.649749 0.103909 0.686328 0.055041 0.766347 0.052469 0.810928 0.012603 0.876086 0.008160 0.999074 0.188786 0.999074 0.188143 0.753772 0.152135 0.721765 0.148277 0.656607
0 0.273663 0.648605 0.273020 0.704618 0.202932 0.860082 0.202932 0.994970 0.381687 0.998400 0.379758 0.751486 0.332176 0.710334 0.326389 0.652035
0 0.460134 0.653178 0.459491 0.749200 0.406764 0.821216 0.405478 0.998400 0.546939 0.997257 0.543724 0.740055 0.514789 0.710334 0.500000 0.652035
0 0.637603 0.650892 0.634388 0.720622 0.568801 0.856653 0.567520 0.999074 0.744342 0.999074 0.741770 0.744627 0.699974 0.711477 0.685185 0.648605
0 0.818287 0.653178 0.818930 0.702332 0.763632 0.815501 0.763632 0.996113 0.914095 0.999074 0.915381 0.734339 0.878086 0.701189 0.866512 0.650892
1 0.998971 0.998400 0.918596 0.996113 0.918596 0.729767 0.881301 0.696616 0.868441 0.644033 0.816358 0.645176 0.815072 0.700046 0.758488 0.815501 0.760417 0.998400 0.746271 0.998400 0.744342 0.741198 0.703832 0.706904 0.687757 0.645176 0.632459 0.646319 0.630530 0.717193 0.564300 0.855510 0.564300 0.998400 0.549511 0.998400 0.546296 0.733196 0.517361 0.703475 0.503215 0.647462 0.456276 0.648605 0.456276 0.743484 0.401620 0.821216 0.401620 0.999074 0.385545 0.998400 0.382973 0.746914 0.336677 0.704618 0.328318 0.644033 0.272377 0.642890 0.267876 0.700046 0.199717 0.860082 0.199717 0.994970 0.193287 0.996113 0.191358 0.750343 0.155993 0.718336 0.150206 0.650892 0.100051 0.642890 0.100051 0.682899 0.051826 0.762917 0.048611 0.807499 0.008102 0.873800 0.005607 0.999074 0.000000 0.999074 0.000000 0.000457 0.008745 0.000457 0.008745 0.239369 0.066615 0.288523 0.077546 0.346822 0.132202 0.344536 0.132845 0.261088 0.186214 0.177641 0.196333 -0.000000 0.217721 0.000000 0.216435 0.257659 0.250514 0.278235 0.264017 0.339963 0.315458 0.339963 0.312886 0.258802 0.370113 0.192501 0.375257 0.001600 0.392618 0.000457 0.397119 0.261088 0.431842 0.279378 0.446631 0.343393 0.497428 0.338820 0.498714 0.240512 0.553369 0.179927 0.552088 0.000000 0.565586 0.001600 0.566872 0.254230 0.613812 0.283951 0.623457 0.342250 0.676826 0.339963 0.673611 0.255373 0.734053 0.190215 0.732767 0.002743 0.757845 0.001600 0.759774 0.251943 0.797711 0.288523 0.809285 0.344536 0.862654 0.343393 0.860082 0.234797 0.901235 0.200503 0.919239 0.144490 0.915429 0.000000 0.999479 0.003851 0.999479 0.003851 0.999479 0.360540 0.033822 0.362826 0.036394 0.598308 0.998971 0.593736