2 0.142490 0.000457 0.159851 0.025606 0.188143 0.175354 0.217721 0.211934 0.489069 0.214220 0.496142 0.367398 0.516075 0.370828 0.512860 0.527435 0.497428 0.525149 0.496785 0.578875 0.503858 0.625743 0.496785 0.657750 0.467850 0.657750 0.447274 0.636031 0.432485 0.596022 0.419624 0.583448 0.296811 0.361683 0.282022 0.335391 0.236368 0.336534 0.199717 0.399406 0.094264 0.469136 0.109697 0.569730 0.078189 0.590306 0.055684 0.568587 0.037037 0.465706 0.000000 0.490947 0.000000 0.000000
0 0.251157 0.349108 0.246656 0.399406 0.194573 0.424554 0.177212 0.577732 0.280093 0.570873 0.302598 0.521719 0.316101 0.496571 0.278807 0.390261 0.277521 0.349108
0 0.427341 0.614312 0.389403 0.610882 0.381044 0.546868 0.342464 0.528578 0.321245 0.540009 0.306456 0.578875 0.303884 0.604024 0.307742 0.680613 0.307742 0.748057 0.391332 0.734339 0.415766 0.655464 0.431199 0.649749
0 0.430556 0.743484 0.383616 0.797211 0.355324 0.758345 0.307742 0.774348 0.313529 0.893233 0.329604 0.932099 0.381044 0.974394 0.419624 0.897805 0.417052 0.823503 0.445988 0.772062
0 0.457562 0.790352 0.451132 0.879515 0.422840 0.900091 0.393904 0.996113 0.491641 0.997257 0.496785 0.918381 0.478138 0.869227 0.480710 0.791495
0 0.542438 0.850937 0.528935 0.872657 0.561085 0.954961 0.556950 0.999074 0.668467 0.999074 0.667181 0.949246 0.613812 0.905807 0.572659 0.896662
0 0.516075 0.716049 0.519933 0.756059 0.521862 0.765203 0.549511 0.773205 0.575231 0.776635 0.573302 0.838363 0.591950 0.866941 0.624100 0.876086 0.663966 0.853224 0.672968 0.657750 0.577160 0.656607 0.541795 0.711477
0 0.515432 0.493141 0.516075 0.533150 0.565586 0.537723 0.584877 0.632602 0.672325 0.626886 0.671682 0.427984 0.579090 0.423411 0.550797 0.472565
0 0.519290 0.263374 0.516718 0.311385 0.577803 0.315958 0.594522 0.387974 0.669753 0.397119 0.672325 0.202789 0.595808 0.190215 0.552726 0.259945
0 0.509002 0.093050 0.481353 0.131916 0.490998 0.166209 0.534722 0.119342 0.603524 0.151349 0.672325 0.079332 0.672325 0.000457 0.513503 0.003887
0 0.168210 0.000457 0.168853 0.065615 0.217721 0.155921 0.219650 0.205075 0.263374 0.206219 0.269805 0.136488 0.303884 0.097622 0.305161 0.000000
0 0.308385 0.000457 0.309671 0.097622 0.343107 0.152492 0.345036 0.201646 0.391975 0.208505 0.395190 0.147920 0.441487 0.063329 0.440201 0.001600
1 0.303884 0.103338 0.274306 0.137631 0.267233 0.203932 0.339892 0.203932 0.341178 0.157064
1 0.443416 0.003887 0.444059 0.067901 0.398405 0.150206 0.397119 0.208505 0.490998 0.209648 0.499357 0.362826 0.518647 0.365112 0.517361 0.485139 0.548868 0.466850 0.577803 0.417695 0.675540 0.421125 0.674897 0.631459 0.582948 0.638317 0.561085 0.544582 0.513503 0.537723 0.575874 0.648605 0.676183 0.650892 0.667824 0.857796 0.626029 0.884088 0.589378 0.872657 0.569444 0.838363 0.571373 0.783493 0.548868 0.778921 0.545653 0.842936 0.575874 0.890947 0.616384 0.898948 0.670396 0.943530 0.672325 0.996113 0.754630 0.994970 0.761060 0.913809 0.743699 0.830361 0.735340 0.810928 0.741770 0.695473 0.741770 0.519433 0.749486 0.376543 0.750129 0.122771 0.748210 0.000000 0.676183 0.000457 0.676826 0.080476 0.606739 0.154778 0.599023 0.182213 0.676826 0.197074 0.671682 0.402835 0.591950 0.393690 0.576517 0.323960 0.513503 0.315958 0.516075 0.255373 0.550154 0.251943 0.591307 0.183356 0.599023 0.157064 0.536008 0.128487 0.490355 0.171925 0.476852 0.129630 0.505144 0.088477 0.509645 0.003887
1 0.001029 0.500000 0.000386 0.999074 0.388760 0.999074 0.416409 0.912666 0.381687 0.982396 0.327675 0.938957 0.309028 0.893233 0.303241 0.772062 0.358539 0.750343 0.384902 0.790352 0.432485 0.736626 0.449203 0.770919 0.420267 0.825789 0.423483 0.893233 0.447917 0.874943 0.454990 0.784636 0.483925 0.788066 0.481353 0.868084 0.499357 0.911523 0.494880 0.999074 0.553369 0.999074 0.556584 0.959534 0.524434 0.869227 0.537937 0.847508 0.543724 0.778921 0.514789 0.767490 0.512860 0.712620 0.541795 0.705761 0.572016 0.654321 0.510288 0.538866 0.501286 0.532007 0.501286 0.575446 0.507716 0.629172 0.501929 0.663466 0.466564 0.663466 0.442773 0.637174 0.429270 0.599451 0.415766 0.585734 0.291024 0.362826 0.280736 0.338820 0.280093 0.343393 0.282022 0.387974 0.321245 0.494284 0.303884 0.528578 0.283308 0.574303 0.300669 0.594879 0.304527 0.573160 0.319316 0.534294 0.341821 0.521719 0.382973 0.542295 0.391975 0.606310 0.429913 0.609739 0.435700 0.654321 0.418338 0.660037 0.393261 0.738912 0.304527 0.751486 0.303241 0.684042 0.300669 0.602881 0.279450 0.575446 0.173997 0.584591 0.192644 0.417695 0.244084 0.394833 0.249228 0.343393 0.271734 0.342250 0.271734 0.339963 0.237654 0.339963 0.202289 0.403978 0.098122 0.472565 0.112269 0.576589 0.077546 0.597165 0.051183 0.570873 0.034465 0.473708
3 0.751415 0.000457 0.753987 0.126200 0.753344 0.382259 0.745628 0.521719 0.744985 0.700046 0.739198 0.810928 0.746271 0.829218 0.764275 0.913809 0.758488 0.993827 0.757504 0.999074 0.805427 0.999074 0.832433 0.999074 0.844650 0.977824 0.876800 0.970965 0.893519 0.989255 0.895728 0.999074 0.998328 0.999074 0.998328 0.759488 0.989969 0.704618 0.978395 0.599451 0.978395 0.521719 0.978395 0.240512 0.977752 0.143347 0.985468 0.002743 0.922454 0.000457 0.926955 0.041610 0.931456 0.154778 0.930170 0.328532 0.931456 0.521719 0.930170 0.574303 0.919882 0.695473 0.907665 0.756059 0.895448 0.793781 0.874871 0.806356 0.853652 0.805213 0.835648 0.783493 0.818287 0.730910 0.805427 0.652035 0.800283 0.473708 0.800283 0.184499 0.803498 0.090764 0.805427 0.034751 0.811857 0.002743