0 0.128007 0.536286 0.151778 0.520118 0.185830 0.543831 0.226306 0.509340 0.188399 0.370297 0.143426 0.401554 0.138286 0.461914 0.114515 0.486705
0 0.172086 0.264603 0.193867 0.242920 0.202484 0.259785 0.223786 0.264603 0.237359 0.312991 0.183575 0.354150 0.170889 0.306365 0.176394 0.285083
0 0.222589 0.145744 0.254184 0.124060 0.259928 0.145342 0.286730 0.152343 0.289985 0.164630 0.311957 0.255194 0.248210 0.307074 0.221354 0.208774 0.229770 0.170640
0 0.334846 0.080291 0.330059 0.059410 0.299182 0.079487 0.304362 0.100917 0.295139 0.138690 0.320095 0.248822 0.330946 0.239265 0.339084 0.234259 0.400933 0.186020 0.385742 0.124127
0 0.400119 0.060869 0.425076 0.043575 0.428331 0.054497 0.476345 0.084989 0.484484 0.122306 0.460069 0.140055 0.410156 0.179648 0.394423 0.115480 0.402018 0.070881
0 0.473435 0.405710 0.493560 0.389659 0.500818 0.415119 0.546677 0.438366 0.566332 0.503199 0.484952 0.566498 0.465533 0.495898 0.480033 0.428957
0 0.571751 0.500357 0.552946 0.433938 0.565153 0.372500 0.560534 0.354235 0.577690 0.339844 0.583628 0.360323 0.626188 0.381356 0.644663 0.441687
0 0.634436 0.374714 0.652911 0.436705 0.723844 0.382463 0.704049 0.312170 0.666438 0.293351 0.660499 0.275086 0.642024 0.290030 0.645983 0.307188
0 0.726153 0.380249 0.707678 0.310509 0.721535 0.249625 0.712957 0.215862 0.735721 0.195936 0.747268 0.233020 0.791148 0.255713 0.808303 0.316044
0 0.793787 0.254053 0.810283 0.313830 0.884845 0.256267 0.865709 0.188741 0.827119 0.179876 0.819191 0.152210 0.801375 0.164941 0.808623 0.193529
0 0.890743 0.251863 0.962136 0.197873 0.939202 0.121541 0.910719 0.114094 0.902580 0.086788 0.880386 0.105406 0.888154 0.128367 0.872248 0.184840
0 0.960656 0.029695 0.977302 0.015421 0.986180 0.039004 0.999127 0.045209 0.999878 0.168705 0.970644 0.191667 0.948819 0.115956 0.966205 0.051415
3 0.517347 0.955571 0.518632 0.926469 0.521844 0.889822 0.534694 0.867187 0.557823 0.855331 0.572600 0.863953 0.590589 0.886588 0.608578 0.922157 0.620244 0.960270 0.659334 0.960270 0.643272 0.900600 0.640060 0.859642 0.643914 0.815450 0.653552 0.782036 0.672183 0.789581 0.691458 0.803594 0.700452 0.833773 0.719084 0.882277 0.746711 0.908145 0.773052 0.920002 0.816740 0.918924 0.902190 0.920002 0.999846 0.918924 0.999846 0.860720 0.807103 0.858564 0.789114 0.857486 0.771767 0.846708 0.755705 0.834851 0.744783 0.815450 0.736431 0.785270 0.735146 0.750779 0.739643 0.724910 0.753135 0.695808 0.768555 0.675329 0.784617 0.662395 0.895122 0.575089 0.925319 0.561077 0.956157 0.563232 0.976074 0.567544 0.990209 0.580478 0.995991 0.602035 0.999878 0.612632 0.999878 0.506106 0.999878 0.424189 0.989566 0.431734 0.965795 0.447902 0.944593 0.462992 0.904759 0.487783 0.752493 0.618203 0.529554 0.786348 0.509637 0.792815 0.481368 0.777725 0.460167 0.749701 0.438322 0.685030 0.409411 0.577244 0.382427 0.467303 0.377930 0.423111 0.384354 0.379997 0.397204 0.348739 0.424188 0.316404 0.485866 0.267900 0.576455 0.197840 0.636205 0.154726 0.773052 0.048018 0.835385 0.000000 0.744141 0.000000 0.501285 0.190295 0.356728 0.302392 0.228875 0.402632 0.246865 0.458680 0.267424 0.441435 0.291196 0.439279 0.304045 0.443591 0.320749 0.455447 0.334884 0.473770 0.343878 0.495328 0.472825 0.960270
1 0.325247 0.468381 0.318822 0.460836 0.305330 0.448980 0.288626 0.445746 0.268709 0.447902 0.246865 0.462992 0.224378 0.404788 0.501285 0.175205 0.453742 0.004904 0.407484 0.027539 0.412623 0.048018 0.425473 0.036162 0.433183 0.050174 0.476853 0.083180 0.485944 0.122832 0.409325 0.182091 0.393222 0.116296 0.401428 0.071238 0.399248 0.060706 0.412502 0.048858 0.407270 0.028817 0.389657 0.066557 0.374432 0.077528 0.386265 0.122875 0.401960 0.186194 0.319874 0.250139 0.294837 0.139384 0.303681 0.101560 0.298200 0.078991 0.330835 0.058094 0.335320 0.079827 0.386141 0.122666 0.373934 0.077946 0.356495 0.069170 0.347651 0.050362 0.328469 0.049944 0.252735 0.109710 0.254728 0.123293 0.260583 0.144817 0.287862 0.150669 0.313148 0.256617 0.248251 0.309696 0.220349 0.209598 0.228570 0.170939 0.221470 0.146489 0.254479 0.123293 0.252237 0.110337 0.231684 0.126010 0.195935 0.184313 0.180365 0.212315 0.193320 0.242198 0.202786 0.258498 0.224709 0.263722 0.238784 0.313875 0.182981 0.356297 0.170027 0.306143 0.175756 0.285246 0.171148 0.264349 0.192572 0.243034 0.179991 0.214196 0.086944 0.373850 0.081712 0.389732 0.082211 0.407912 0.104133 0.491083 0.114223 0.486277 0.137765 0.461409 0.142872 0.400807 0.189209 0.368835 0.227325 0.509891 0.185597 0.545625 0.151716 0.522011 0.127551 0.538102 0.114223 0.487531 0.103884 0.492128 0.129918 0.591390 0.135648 0.612078
1 0.524414 0.707557 0.999233 0.323718 0.998651 0.175487 0.970168 0.198892 0.946336 0.116975 0.964963 0.052511 0.958077 0.029931 0.978422 0.011552 0.987186 0.036758 0.999393 0.043059 0.999080 0.001575 0.972162 0.001050 0.896103 0.057237 0.904554 0.085593 0.911753 0.113423 0.940862 0.119725 0.963711 0.199016 0.889529 0.256778 0.871062 0.184838 0.886399 0.128126 0.879200 0.106072 0.902363 0.084542 0.895477 0.058812 0.813783 0.120775 0.820356 0.149656 0.828181 0.177487 0.865741 0.187464 0.887025 0.259403 0.811279 0.317165 0.793125 0.253102 0.807733 0.192991 0.800078 0.165222 0.819940 0.149949 0.813112 0.122181 0.732422 0.183966 0.735939 0.194032 0.748146 0.232213 0.791446 0.254605 0.809542 0.317970 0.725816 0.381576 0.706572 0.310260 0.720995 0.249580 0.712196 0.215670 0.735976 0.194260 0.732251 0.184685 0.654920 0.243219 0.660817 0.274053 0.666852 0.293152 0.704110 0.311146 0.724626 0.383254 0.652615 0.438496 0.633740 0.374821 0.645434 0.307704 0.641638 0.289462 0.660308 0.273974 0.654461 0.243685 0.572089 0.308221 0.577731 0.339198 0.584091 0.360365 0.626764 0.380845 0.645639 0.442626 0.571371 0.501999 0.552140 0.433397 0.564726 0.372436 0.559710 0.353862 0.577500 0.339415 0.571634 0.308617 0.490064 0.370848 0.493660 0.388470 0.501230 0.414982 0.546936 0.437207 0.567091 0.503884 0.484576 0.567862 0.465082 0.496422 0.479495 0.429150 0.472809 0.405280 0.493335 0.388975 0.489759 0.371365 0.440930 0.408410 0.521792 0.709598
1 0.473958 0.000000 0.497559 0.037545 0.506917 0.075090 0.525635 0.084647 0.633057 0.000000
2 0.024784 0.659586 0.000740 0.680686 0.000000 0.959327 0.095067 0.958086 0.092478 0.915266 0.088039 0.863137 0.079901 0.806664 0.056226 0.721644 0.033662 0.649657