0 0.023507 0.133327 0.020990 0.108203 0.030051 0.090891 0.025143 0.083501 0.022878 0.054366 0.009161 0.060278 0.000000 0.065677 0.000000 0.108625 0.006644 0.114115 0.007777 0.143039 0.012181 0.138605 0.015957 0.135861
0 0.043013 0.132483 0.045530 0.111159 0.030555 0.090891 0.038105 0.076745 0.035463 0.050566 0.040119 0.049299 0.045027 0.048454 0.067176 0.048877 0.080641 0.050143 0.076237 0.083712 0.080515 0.091102 0.059625 0.113059 0.058241 0.132905
0 0.086808 0.050355 0.085549 0.086879 0.080893 0.091313 0.090709 0.111370 0.088318 0.135438 0.103168 0.138605 0.105307 0.114959 0.118773 0.099336 0.115501 0.093213 0.121289 0.056899 0.103923 0.053310
0 0.176536 0.117282 0.150611 0.132060 0.149101 0.153595 0.133371 0.146839 0.135510 0.126149 0.119276 0.099336 0.125820 0.091313 0.127582 0.058800 0.148975 0.065345 0.158917 0.068723 0.178046 0.081812
0 0.183835 0.171119 0.184464 0.138394 0.176787 0.117493 0.178172 0.081812 0.200928 0.093580 0.200928 0.181042
3 0.105433 0.040009 0.061009 0.033676 0.033323 0.034520 0.010797 0.043599 0.000000 0.048864 0.000000 0.000000 0.013943 0.000107 0.013943 0.001373 0.000855 0.001162 0.000729 0.016363 0.029674 0.016574 0.029548 0.001373 0.014069 0.001796 0.013950 0.000000 0.198055 0.000000 0.198055 0.001373 0.195413 0.001373 0.195287 0.015097 0.200069 0.015097 0.200069 0.001373 0.198307 0.001584 0.198425 -0.000000 0.200928 0.000076 0.200928 0.019952 0.200195 0.024597 0.197049 0.033042 0.192392 0.039376 0.186226 0.044443 0.181318 0.047610 0.175781 0.050355 0.168859 0.052044 0.159547 0.052466 0.151241 0.050988
1 0.007651 0.143672 0.002617 0.133327 0.000000 0.132373 0.000000 0.109048 0.006392 0.114326
1 0.002491 0.149795 0.000000 0.144476 0.000100 0.154651
1 0.030303 0.091524 0.021116 0.108203 0.023759 0.133116 0.027912 0.132905 0.029170 0.119393 0.029925 0.116859 0.031310 0.115381 0.032946 0.115381 0.034330 0.116437 0.034959 0.118337 0.033701 0.132271 0.042636 0.132483 0.045279 0.111159
1 0.058492 0.133116 0.071329 0.133960 0.072713 0.120026 0.073468 0.118126 0.074097 0.117070 0.074978 0.116437 0.076488 0.101447 0.077118 0.100391 0.077999 0.100180 0.079005 0.100814 0.079635 0.101869 0.079635 0.103558 0.076992 0.132694 0.088066 0.134805 0.090457 0.111581 0.080641 0.091735 0.059625 0.113481
1 0.118898 0.099547 0.105433 0.115170 0.103419 0.138605 0.115249 0.141350 0.116256 0.129316 0.117137 0.126993 0.118143 0.126360 0.119024 0.126149 0.119905 0.126149 0.121164 0.127204 0.121919 0.128893 0.120786 0.142617 0.133119 0.146839 0.135384 0.126360
1 0.149227 0.153595 0.160302 0.158873 0.161308 0.146206 0.161938 0.144306 0.162567 0.143461 0.163322 0.142405 0.164832 0.128260 0.165335 0.126782 0.166091 0.125727 0.167475 0.126782 0.168607 0.129105 0.166342 0.161618 0.183457 0.170907 0.184086 0.138605 0.176662 0.117704 0.150737 0.132483
1 0.010923 0.043810 0.033323 0.034731 0.061009 0.033887 0.105307 0.040221 0.151241 0.051199 0.159547 0.052677 0.169237 0.052466 0.176032 0.050777 0.181695 0.047610 0.186603 0.044654 0.192770 0.039376 0.197300 0.033042 0.200321 0.024808 0.200928 0.020122 0.200928 0.093635 0.178423 0.081601 0.159169 0.068511 0.148975 0.064922 0.127456 0.058377 0.125568 0.091313 0.119150 0.099125 0.115752 0.093424 0.121541 0.056688 0.103797 0.052888 0.086556 0.050143 0.085298 0.086879 0.080515 0.091102 0.076488 0.083924 0.080893 0.049721 0.067050 0.048666 0.044775 0.048032 0.039993 0.049088 0.035085 0.050566 0.037854 0.076534 0.030303 0.090891 0.025269 0.083079 0.023004 0.053733 0.009035 0.060066 0.000000 0.065306 0.000000 0.049088
2 0.000100 0.178297 0.000981 0.175341 0.002239 0.171541 0.004127 0.166263 0.005889 0.162462 0.007525 0.159718 0.002617 0.149373 0.000000 0.143585 0.000100 0.132905 0.002491 0.133538 0.007399 0.143883 0.011930 0.153173 0.014572 0.150428 0.018222 0.147895 0.021620 0.145995 0.025017 0.145150 0.026528 0.144728 0.028164 0.132694 0.029422 0.119393 0.030177 0.117282 0.031436 0.115804 0.032694 0.115592 0.034078 0.116648 0.034833 0.118548 0.031813 0.145783 0.033072 0.145783 0.033827 0.143883 0.054340 0.143883 0.070196 0.145572 0.071580 0.134172 0.072965 0.120237 0.073720 0.118337 0.074475 0.117282 0.075230 0.116648 0.076488 0.101869 0.076992 0.100814 0.077999 0.100814 0.078879 0.100814 0.079635 0.103347 0.076363 0.136916 0.075859 0.146839 0.075607 0.148528 0.077118 0.148528 0.077495 0.146206 0.096624 0.149584 0.113613 0.154017 0.114368 0.152117 0.115501 0.141561 0.116633 0.129949 0.117388 0.127627 0.118773 0.126571 0.119779 0.126360 0.120660 0.127416 0.121541 0.128471 0.121541 0.129949 0.119402 0.157395 0.121415 0.158451 0.121667 0.156551 0.138908 0.162674 0.150234 0.167318 0.159421 0.171119 0.160679 0.159296 0.161560 0.146839 0.162315 0.144306 0.163322 0.143461 0.163951 0.142828 0.165210 0.128260 0.165713 0.126782 0.166342 0.126571 0.167475 0.127627 0.168356 0.129316 0.164958 0.175975 0.167349 0.177664 0.167726 0.175552 0.187610 0.186320 0.193777 0.190331 0.194415 0.190866 0.000000 0.190866