3 0.359283 0.210327 0.358623 0.258481 0.408441 0.259034 0.420648 0.262909 0.427576 0.267890 0.435164 0.280067 0.440443 0.294458 0.443742 0.313830 0.471785 0.960270 0.515005 0.960270 0.484982 0.305528 0.485312 0.285049 0.489271 0.271211 0.495869 0.260695 0.505107 0.257374 0.524572 0.258481 0.736711 0.259588 0.737701 0.213648
0 0.361262 0.181545 0.361592 0.137820 0.373469 0.124536 0.373799 0.107931 0.386666 0.109038 0.386006 0.125643 0.397553 0.135606 0.397883 0.181545
0 0.406461 0.180438 0.406791 0.135052 0.418668 0.126196 0.419328 0.109591 0.431535 0.110145 0.431535 0.125643 0.442422 0.137266 0.442092 0.179885
0 0.451000 0.180992 0.451330 0.135606 0.463207 0.126750 0.463867 0.110145 0.476074 0.110698 0.475744 0.126750 0.486962 0.137820 0.486632 0.180438
0 0.496199 0.180992 0.496529 0.135606 0.508406 0.126750 0.509066 0.110145 0.521273 0.110698 0.521603 0.127303 0.533480 0.138373 0.533810 0.179885
0 0.539749 0.182099 0.540079 0.136713 0.551956 0.127857 0.552616 0.111252 0.564823 0.111805 0.565153 0.128410 0.577030 0.139480 0.577360 0.180992
0 0.583628 0.181545 0.583958 0.136159 0.595835 0.127303 0.596495 0.110698 0.608702 0.111252 0.609032 0.127857 0.620909 0.138927 0.621239 0.180438
0 0.628497 0.183206 0.628827 0.137820 0.640704 0.128964 0.641364 0.112359 0.653571 0.112912 0.653901 0.129517 0.665778 0.140587 0.666108 0.182099
0 0.672047 0.182652 0.672376 0.137266 0.684254 0.128410 0.684913 0.111805 0.697120 0.112359 0.697450 0.128964 0.709327 0.140034 0.709657 0.181545
0 0.718565 0.182652 0.718895 0.137266 0.730772 0.128410 0.731432 0.111805 0.743639 0.112359 0.743969 0.128964 0.755846 0.140034 0.756176 0.181545
0 0.543708 0.775443 0.548327 0.864555 0.601444 0.856253 0.610681 0.821383 0.626518 0.818615 0.624868 0.787619 0.608372 0.790387 0.597155 0.767694
0 0.523913 0.477664 0.528531 0.566776 0.574060 0.559581 0.582968 0.524157 0.599134 0.521390 0.597815 0.493162 0.580989 0.495929 0.571751 0.472129
0 0.523913 0.477664 0.528531 0.566776 0.574060 0.559581 0.582968 0.524157 0.599134 0.521390 0.597815 0.493162 0.580989 0.495929 0.571751 0.472129
0 0.536779 0.627107 0.541398 0.716219 0.594515 0.707917 0.603753 0.673047 0.619589 0.670279 0.617940 0.639284 0.601444 0.642051 0.590226 0.619358
0 0.518304 0.379142 0.522923 0.468254 0.568452 0.461059 0.577360 0.425636 0.593526 0.422868 0.592206 0.394640 0.575380 0.397407 0.566142 0.373607
0 0.518304 0.379142 0.522923 0.468254 0.568452 0.461059 0.577360 0.425636 0.593526 0.422868 0.592206 0.394640 0.575380 0.397407 0.566142 0.373607
0 0.518304 0.379142 0.522923 0.468254 0.568452 0.461059 0.577360 0.425636 0.593526 0.422868 0.592206 0.394640 0.575380 0.397407 0.566142 0.373607
0 0.513355 0.280067 0.517974 0.369179 0.563503 0.361984 0.572411 0.326560 0.588577 0.323793 0.587257 0.295565 0.570431 0.298332 0.561194 0.274532
1 0.359459 0.209193 0.739116 0.212687 0.737344 0.259921 0.762349 0.259921 0.763727 0.098730 0.753489 0.100051 0.750536 0.093445 0.742463 0.090802 0.744051 0.112212 0.744268 0.128207 0.756258 0.139840 0.756547 0.182132 0.718265 0.183101 0.718554 0.137417 0.730472 0.127722 0.731122 0.111000 0.743545 0.111727 0.742245 0.091369 0.698401 0.091005 0.697318 0.111969 0.697751 0.128450 0.709814 0.139840 0.710175 0.182253 0.671748 0.183586 0.671820 0.137296 0.684027 0.127722 0.684605 0.111242 0.696884 0.111606 0.697895 0.091005 0.654124 0.091248 0.653835 0.112212 0.654412 0.129419 0.666475 0.140446 0.666692 0.182374 0.627904 0.183949 0.628337 0.137538 0.640472 0.128571 0.641122 0.111969 0.653546 0.112212 0.653835 0.091005 0.606234 0.091005 0.609196 0.111121 0.609268 0.127480 0.621331 0.139113 0.621692 0.181162 0.583048 0.182132 0.583554 0.135599 0.595328 0.127238 0.596050 0.110273 0.608979 0.110757 0.605801 0.091126 0.566291 0.090521 0.564991 0.111121 0.565424 0.128207 0.577414 0.139113 0.577703 0.181526 0.539493 0.182616 0.539782 0.136326 0.551628 0.127480 0.552206 0.110879 0.564702 0.111121 0.566074 0.090521 0.521941 0.090642 0.521435 0.110394 0.521869 0.126995 0.533931 0.138507 0.534003 0.180556 0.495866 0.181405 0.496371 0.135114 0.508073 0.126511 0.508867 0.109546 0.520930 0.110030 0.521620 0.090411 0.476746 0.090844 0.476317 0.110314 0.475945 0.126772 0.487160 0.137699 0.486772 0.181046 0.450754 0.181407 0.451186 0.135094 0.463004 0.126483 0.463781 0.109839 0.476031 0.110201 0.476462 0.090734 0.432767 0.090156 0.431775 0.110056 0.431689 0.125614 0.442688 0.137193 0.442257 0.180250 0.406110 0.180756 0.406628 0.134660 0.418447 0.126048 0.419137 0.109405 0.431560 0.109622 0.432508 0.090373 0.387476 0.090156 0.386872 0.108970 0.386282 0.125300 0.397900 0.135540 0.398168 0.181978 0.360904 0.181708 0.361386 0.137336 0.373218 0.124312 0.373593 0.107336 0.386603 0.108504 0.387085 0.090001 0.359538 0.089494
0 0.550588 0.932231 0.599416 0.923271 0.614929 0.946737 0.628153 0.945457 0.629171 0.959536 0.550842 0.959110
1 0.515812 0.959647 0.550096 0.959212 0.550096 0.931107 0.599833 0.922392 0.615027 0.945922 0.628792 0.944615 0.630091 0.960083 0.666062 0.959429 0.661257 0.842219 0.602170 0.856380 0.547888 0.865530 0.542953 0.774899 0.597365 0.767055 0.608404 0.789713 0.625026 0.787099 0.627234 0.818689 0.611131 0.822175 0.602430 0.855508 0.660998 0.841565 0.652557 0.669017 0.620741 0.670106 0.604118 0.673810 0.594768 0.708668 0.540612 0.717127 0.536250 0.626797 0.590385 0.618962 0.601637 0.641222 0.618620 0.638907 0.619894 0.669537 0.652800 0.668290 0.646113 0.519593 0.599938 0.521552 0.583485 0.524936 0.574569 0.560552 0.527970 0.567497 0.523512 0.477032 0.572128 0.471334 0.580832 0.494662 0.598346 0.492347 0.599832 0.520306 0.646007 0.519059 0.642610 0.417731 0.594313 0.423074 0.577647 0.426457 0.569155 0.461717 0.522556 0.469019 0.517886 0.378020 0.566502 0.372499 0.575418 0.396362 0.592508 0.393869 0.593994 0.422362 0.642716 0.416841 0.638046 0.322637 0.589217 0.324061 0.572446 0.327267 0.563848 0.362705 0.517674 0.369650 0.512897 0.279541 0.561725 0.273843 0.570642 0.297527 0.587519 0.295034 0.589111 0.323527 0.638152 0.321746 0.635923 0.259596 0.524679 0.259418 0.505148 0.258172 0.495913 0.261555 0.489651 0.272062 0.486254 0.285418 0.485723 0.305363
2 0.119481 0.271101 0.086929 0.333160 0.113562 0.371636 0.146484 0.307716
2 0.078051 0.351156 0.096547 0.376600 0.097656 0.405768 0.073612 0.453553 0.044389 0.414456
2 0.042910 0.416938 0.019235 0.464723 0.026634 0.475273 0.018865 0.488926 0.011837 0.480858 0.001850 0.501337 0.000000 0.549743 0.014057 0.570222 0.071393 0.457897
2 0.077311 0.052656 0.074722 0.074997 0.063625 0.073136 0.059556 0.100441 0.095807 0.114715 0.102465 0.060103