4 0.332462 0.001268 0.256601 0.001268 0.039210 0.907065 0.117335 0.907065
5 0.271320 0.046558 0.289436 0.057629 0.273585 0.131099 0.254337 0.118015
0 0.848200 0.309239 0.800079 0.268981 0.834047 0.132105 0.848958 0.143467
0 0.788380 0.730269 0.779080 0.771605 0.756758 0.754519 0.718006 0.799713 0.669953 0.761133 0.706225 0.604056 0.758619 0.642637 0.767299 0.712632
0 0.762649 0.443673 0.723384 0.580726 0.774740 0.622795 0.811012 0.594687 0.829270 0.599964 0.840597 0.551960 0.823809 0.527508 0.810257 0.476268
0 0.848958 0.443545 0.816426 0.466199 0.758680 0.423589 0.791649 0.286048 0.848958 0.330457
1 0.767609 0.857584 0.655382 0.768849 0.848834 0.000000 0.848862 0.142013 0.833844 0.130841 0.799335 0.269446 0.848958 0.310163 0.848574 0.327897 0.791234 0.284574 0.757786 0.423887 0.816559 0.468060 0.848574 0.445973 0.846766 0.556095 0.824682 0.526673 0.810825 0.474856 0.762565 0.440877 0.722474 0.581266 0.774032 0.626062 0.811168 0.596009 0.835237 0.602661 0.797414 0.737325 0.789222 0.729773 0.768085 0.711075 0.759691 0.641855 0.705990 0.602481 0.669278 0.761597 0.717822 0.800971 0.756859 0.755484 0.779513 0.773103 0.788716 0.730133 0.797211 0.738403
2 0.627019 0.905962 0.658087 0.775601 0.716338 0.822303 0.703317 0.875504 0.679560 0.859665 0.669280 0.906774
2 0.806113 0.906774 0.798575 0.901494 0.848958 0.687496 0.848958 0.907407
3 0.000292 0.257407 0.000292 0.104404 0.004103 0.091418 0.030462 0.051897 0.038720 0.001649 0.069207 0.001649 0.064126 0.044557 0.068255 0.066012 0.075559 0.091418 0.088897 0.107791 0.105412 0.113437 0.183537 0.152394 0.196240 0.158040 0.212436 0.151265 0.218788 0.145619 0.187030 0.278297 0.179726 0.246116 0.167340 0.221838 0.143204 0.207159 0.082546 0.189092 0.064444 0.189092 0.048882 0.193609 0.030780 0.211676 0.000610 0.285072
3 0.268251 0.274656 0.270862 0.279814 0.277391 0.284972 0.283919 0.283167 0.288707 0.275687 0.492239 0.001189 0.578528 0.000000 0.569513 0.025396 0.419730 0.657810 0.412922 0.713486 0.412922 0.756454 0.423135 0.791555 0.468069 0.837548 0.510961 0.858730 0.532407 0.853283 0.552832 0.827260 0.568151 0.784898 0.724060 0.121015 0.728145 0.073811 0.723720 0.033869 0.716912 0.011477 0.702981 -0.000000 0.847631 0.000584 0.654276 0.764927 0.640319 0.751008 0.626021 0.745561 0.616830 0.749192 0.580145 0.907407 0.453772 0.907407 0.425858 0.890199 0.401688 0.884752 0.386370 0.887778 0.373434 0.900487 0.369009 0.906539 0.289352 0.906539 0.313521 0.864782 0.344499 0.784898 0.411901 0.519829 0.438453 0.377611 0.442198 0.337064 0.437092 0.301964 0.425517 0.276546 0.441517 0.196057 0.457176 0.213002 0.466027 0.232368 0.474877 0.237815 0.480664 0.228132 0.508919 0.106491 0.507898 0.095597 0.502791 0.088335 0.495302 0.091966 0.437092 0.171245 0.435730 0.182138 0.440496 0.194242 0.424857 0.275697 0.412567 0.263837 0.397319 0.257544 0.381388 0.261901 0.368520 0.272249 0.350138 0.284777 0.288557 0.378459 0.226057 0.511901 0.191131 0.612663