2 0.163184 0.541021 0.172874 0.498493 0.306414 0.326227 0.315801 0.344531 0.596506 0.000000 0.339117 0.000000 0.153192 0.244401 0.168332 0.285314 0.159551 0.320844 0.141988 0.319229 0.118368 0.324612 0.098686 0.339147 0.082334 0.363910 0.069616 0.400517 0.055384 0.461886 0.066588 0.468346 0.000273 0.734281 0.000017 1.082407 0.039032 1.082407 0.114432 0.770349 0.118066 0.774117 0.124727 0.748277 0.132298 0.755814 0.180188 0.552944
3 0.800781 0.811966 0.807592 0.856838 0.840696 0.884647 0.691808 1.082407 0.393808 1.082407 0.445891 0.885031 0.479167 0.816872 0.855324 0.308899 0.917535 0.195730 0.960938 0.002829 0.970833 0.000624 0.970833 0.777066 0.958233 0.763533 0.872095 0.734330 0.850984 0.735854 0.801794 0.773148
0 0.050668 0.140700 0.125434 0.157407 0.149740 0.217078 0.182147 0.167695 0.147425 0.077160 0.209925 0.000000 0.000000 0.000000 0.000849 0.021538
0 0.279369 0.752058 0.256221 0.974280 0.369068 1.063786 0.421152 0.832305 0.470341 0.755144 0.436198 0.670782 0.383536 0.598765 0.293258 0.657407 0.247541 0.599794 0.217448 0.683128
0 0.451244 0.649177 0.421152 0.570988 0.428675 0.489712 0.464554 0.450617 0.430411 0.369342 0.465133 0.318930 0.485966 0.372428 0.563513 0.380658 0.634693 0.545267 0.505642 0.717078
0 0.574508 0.360082 0.587240 0.294239 0.619068 0.252058 0.580874 0.137860 0.615017 0.091564 0.643374 0.158436 0.726128 0.167695 0.797888 0.332305 0.646846 0.527778
0 0.692726 0.000000 0.755064 0.056584 0.752749 0.176955 0.810041 0.299383 0.838085 0.273509 0.899263 0.000000
0 0.126876 0.988174 0.178959 1.024157 0.232771 0.993440 0.238695 0.969743 0.295715 1.013187 0.294234 1.023280 0.339406 1.082083 0.132800 1.082083 0.105895 1.061897
0 0.830860 0.934232 0.748549 1.044892 0.801033 1.082642 0.895985 1.082642 0.903196 1.054864 0.892379 1.047741 0.883073 0.975463
1 0.129572 1.081503 0.040546 1.081503 0.114432 0.775194 0.118671 0.778962 0.124425 0.753122 0.132903 0.758506 0.181959 0.551787 0.164698 0.539944 0.172874 0.500108 0.306111 0.329457 0.315498 0.348299 0.596808 0.001615 0.675306 0.000000 0.691660 0.000000 0.754231 0.057515 0.752150 0.179264 0.809987 0.301464 0.839662 0.274009 0.899921 0.001077 0.959272 0.001077 0.917181 0.193260 0.854500 0.306309 0.809381 0.367679 0.798493 0.331816 0.726678 0.166224 0.644020 0.157376 0.615223 0.089748 0.579548 0.136197 0.617702 0.251938 0.586513 0.293389 0.573855 0.360094 0.647378 0.531869 0.798313 0.332883 0.809266 0.369311 0.644652 0.592700 0.635778 0.544709 0.563909 0.379297 0.486586 0.369832 0.465692 0.315461 0.429052 0.367679 0.462966 0.449505 0.428446 0.487188 0.419967 0.571167 0.449643 0.651916 0.505057 0.720823 0.635029 0.546040 0.643906 0.593952 0.479924 0.812877 0.471748 0.756352 0.437227 0.668066 0.383630 0.595930 0.293998 0.653531 0.247063 0.596469 0.216176 0.683678 0.278252 0.753122 0.255541 0.975991 0.369701 1.066968 0.422995 0.834410 0.469931 0.760121 0.478410 0.817183 0.445706 0.881783 0.393017 1.082041 0.341237 1.081503 0.295807 1.022634 0.296909 1.012346 0.238488 0.968009 0.232150 0.992259 0.179102 1.022389 0.126467 0.985891 0.104559 1.062806
1 0.213451 0.000535 0.336886 0.000000 0.152336 0.242453 0.167088 0.286341 0.159261 0.317919 0.142100 0.316849 0.117743 0.322472 0.097749 0.337831 0.081457 0.361967 0.068375 0.399706 0.053811 0.463336 0.065413 0.470357 0.000186 0.729718 0.000000 0.441689 0.000434 0.345238 0.000186 0.025573 0.050285 0.145062 0.124194 0.160053 0.149492 0.220018 0.183966 0.167108 0.149492 0.077160
1 0.842059 0.886586 0.694649 1.082407 0.799520 1.082407 0.747032 1.045148 0.830722 0.932767 0.883508 0.974816 0.893021 1.047222 0.904062 1.054259 0.896719 1.082407 0.970833 1.082407 0.970833 0.982169