2 0.004244 0.353681 0.257587 0.354824 0.255658 0.391404 0.680041 0.394833 0.675540 0.631459 0.008102 0.636031 -0.000000 0.691724 0.000000 0.353681
0 0.278164 0.031321 0.276878 0.154778 0.336677 0.266804 0.345036 0.328532 0.376543 0.333105 0.381687 0.270233 0.435057 0.169639 0.433771 0.029035
0 0.437629 0.029035 0.438272 0.169639 0.493570 0.265661 0.494856 0.330818 0.521219 0.330818 0.520576 0.269090 0.586163 0.170782 0.581662 0.027892
0 0.584234 0.026749 0.590021 0.169639 0.611240 0.248514 0.607382 0.313672 0.622814 0.328532 0.649177 0.278235 0.700617 0.235940 0.721193 0.219936 0.744985 0.029035
0 0.749486 0.026749 0.725051 0.219936 0.706404 0.255373 0.719907 0.305670 0.758488 0.278235 0.809285 0.307956 0.871656 0.309099 0.872299 0.026749
0 0.871656 0.313672 0.809928 0.313672 0.761703 0.415409 0.720550 0.426840 0.719264 0.475995 0.760417 0.497714 0.806713 0.606310 0.860082 0.607453 0.872299 0.591449
0 0.728266 0.654321 0.746271 0.721765 0.723765 0.804070 0.750129 0.973251 0.861368 0.978967 0.871013 0.952675 0.871656 0.735482 0.862654 0.711477 0.777778 0.673754 0.753987 0.626886
0 0.615098 0.679470 0.622814 0.740055 0.581662 0.838363 0.595165 0.974394 0.746914 0.975537 0.720550 0.805213 0.664609 0.726337 0.653035 0.666895
0 0.467207 0.671468 0.465921 0.735482 0.396476 0.832647 0.393904 0.973251 0.591307 0.976680 0.577803 0.839506 0.513503 0.730910 0.512217 0.670325
0 0.286523 0.672611 0.282665 0.746914 0.213220 0.832647 0.213863 0.973251 0.390046 0.974394 0.392618 0.829218 0.330890 0.733196 0.322531 0.666895
0 0.119342 0.670325 0.116127 0.750343 0.083333 0.785780 0.080761 0.815501 0.070473 0.836077 0.060185 0.852080 0.055041 0.871513 0.053755 0.976680 0.209362 0.973251 0.209362 0.832647 0.163066 0.732053 0.157922 0.669182
1 0.001029 0.000457 0.000386 0.346822 0.260159 0.347965 0.259516 0.386831 0.683256 0.390261 0.679398 0.634888 0.011960 0.642890 0.001029 0.696616 0.000386 0.998400 0.051183 0.997257 0.051183 0.980110 0.051183 0.870370 0.058256 0.845222 0.069830 0.830361 0.077546 0.813214 0.080761 0.781207 0.112269 0.746914 0.116770 0.665752 0.161137 0.664609 0.165638 0.728624 0.211291 0.826932 0.278807 0.745770 0.283308 0.668038 0.323817 0.663466 0.334748 0.730910 0.395190 0.825789 0.463992 0.732053 0.464635 0.666895 0.515432 0.666895 0.516718 0.729767 0.579733 0.833791 0.618956 0.740055 0.612526 0.676040 0.654321 0.661180 0.667824 0.721765 0.721836 0.798354 0.743056 0.724051 0.725051 0.652035 0.753987 0.622314 0.778421 0.668038 0.864583 0.706904 0.871013 0.726337 0.871656 0.601738 0.861368 0.614312 0.802855 0.612026 0.757202 0.503429 0.715406 0.478281 0.717335 0.419982 0.760417 0.409694 0.805427 0.313672 0.760417 0.285094 0.717978 0.310242 0.701903 0.255373 0.715406 0.229081 0.702546 0.241655 0.653035 0.281664 0.623457 0.334248 0.602881 0.315958 0.606096 0.247371 0.587449 0.176497 0.525077 0.270233 0.523791 0.336534 0.490998 0.335391 0.489712 0.267947 0.436986 0.176497 0.386188 0.271376 0.379758 0.339963 0.341178 0.333105 0.333462 0.273663 0.272377 0.155921 0.274949 0.026749 0.437629 0.024463 0.582948 0.022176 0.746914 0.022176 0.876800 0.022176 0.876800 0.310242 0.875514 0.589163 0.875514 0.737769 0.874228 0.954961 0.863297 0.986968 0.751415 0.980110 0.592593 0.983539 0.391332 0.981253 0.212577 0.978967 0.055684 0.983539 0.055060 0.999074 0.997042 0.999074 0.998971 0.002743