2 0.998328 0.010745 0.910237 0.031321 0.912809 0.291952 0.848508 0.313672 0.779707 0.322817 0.590664 0.333105 0.418981 0.333105 0.247942 0.327389 0.111626 0.315958 0.000000 0.298220 0.001672 0.608596 0.129630 0.593736 0.317387 0.577732 0.451775 0.574303 0.642104 0.584591 0.775849 0.600594 0.861368 0.613169 0.912809 0.609739 0.910880 0.868084 0.999479 0.893777
0 0.127701 0.693187 0.118699 0.754915 0.069187 0.820073 0.065972 0.962963 0.207433 0.961820 0.211934 0.828075 0.161137 0.759488 0.155350 0.694330
0 0.273663 0.700046 0.269805 0.760631 0.215149 0.830361 0.210005 0.962963 0.341178 0.965249 0.350823 0.940101 0.351466 0.831504 0.304527 0.764060 0.303884 0.701189
0 0.420910 0.705761 0.418338 0.765203 0.373971 0.804070 0.370113 0.929813 0.373971 0.954961 0.379115 0.960677 0.495499 0.962963 0.496785 0.831504 0.456919 0.772062 0.453704 0.704618
0 0.551440 0.700046 0.548225 0.769776 0.500000 0.832647 0.498714 0.959534 0.636317 0.960677 0.633745 0.836077 0.584234 0.765203 0.579733 0.701189
0 0.682613 0.703475 0.680684 0.778921 0.637603 0.833791 0.638889 0.959534 0.765561 0.959534 0.764918 0.833791 0.719264 0.774348 0.712191 0.700046
0 0.820859 0.701189 0.813786 0.770919 0.768776 0.832647 0.769419 0.960677 0.905093 0.961820 0.901878 0.834934 0.854295 0.773205 0.846579 0.701189
0 0.761703 0.035894 0.763632 0.168496 0.800926 0.211934 0.819573 0.295382 0.847865 0.297668 0.856867 0.221079 0.896734 0.171925 0.894805 0.035894
0 0.624743 0.038180 0.624743 0.151349 0.678112 0.224508 0.686471 0.301097 0.712191 0.302241 0.716692 0.231367 0.760417 0.167353 0.759131 0.038180
0 0.620885 0.037037 0.620885 0.153635 0.568801 0.205075 0.567515 0.288523 0.537294 0.290809 0.539866 0.213077 0.497428 0.167353 0.497428 0.039323
0 0.493570 0.038180 0.493570 0.166209 0.447274 0.215364 0.446631 0.291952 0.413837 0.291952 0.412551 0.224508 0.368184 0.173068 0.366255 0.056470 0.373971 0.035894
0 0.340535 0.035894 0.348894 0.048468 0.351466 0.167353 0.301955 0.229081 0.300669 0.298811 0.264660 0.298811 0.266590 0.216507 0.212577 0.162780 0.213220 0.038180
0 0.210005 0.038180 0.210005 0.160494 0.164352 0.234797 0.157279 0.291952 0.132845 0.291952 0.130273 0.222222 0.079475 0.166209 0.081404 0.040466
1 0.000386 0.001600 0.000386 0.291952 0.114198 0.312529 0.249871 0.321674 0.420910 0.328532 0.591950 0.329675 0.780350 0.318244 0.841435 0.311385 0.910237 0.288523 0.907665 0.025606 0.998328 0.006173 0.998824 0.000000 0.083976 0.001600 0.083333 0.035894 0.212577 0.031321 0.339892 0.029035 0.352109 0.043896 0.364326 0.049611 0.373328 0.029035 0.497428 0.031321 0.623457 0.030178 0.757202 0.032465 0.897377 0.029035 0.899949 0.176497 0.860725 0.222222 0.850437 0.301097 0.817644 0.299954 0.798354 0.217650 0.762346 0.175354 0.721193 0.231367 0.713477 0.307956 0.683256 0.306813 0.674897 0.227938 0.623457 0.157064 0.572659 0.205075 0.570087 0.291952 0.534079 0.294239 0.537294 0.216507 0.494856 0.171925 0.451132 0.215364 0.449203 0.297668 0.411265 0.297668 0.409336 0.225652 0.364969 0.176497 0.362397 0.057613 0.352109 0.051898 0.354038 0.171925 0.305170 0.230224 0.303884 0.304527 0.260802 0.304527 0.263374 0.219936 0.211291 0.167353 0.167567 0.235940 0.157922 0.297668 0.130273 0.296525 0.125772 0.224508 0.075617 0.169639 0.078832 0.034751 0.082047 0.001600 0.026235 0.000000
1 0.001029 0.613169 0.130916 0.598308 0.317387 0.583448 0.451775 0.582305 0.642747 0.589163 0.775206 0.608596 0.862654 0.621171 0.908951 0.615455 0.908951 0.873800 0.999479 0.900811 0.999479 0.999074 0.345679 0.999074 0.343750 0.972108 0.354681 0.943530 0.355967 0.832647 0.371399 0.807499 0.366255 0.934385 0.370756 0.961820 0.378472 0.968679 0.496785 0.967535 0.637603 0.967535 0.766204 0.967535 0.908308 0.966392 0.903807 0.826932 0.856867 0.769776 0.849151 0.697759 0.818287 0.697759 0.811214 0.766347 0.766204 0.828075 0.722479 0.770919 0.714120 0.694330 0.678755 0.700046 0.678755 0.777778 0.636960 0.829218 0.586806 0.762917 0.580376 0.695473 0.548868 0.696616 0.545010 0.765203 0.500000 0.824646 0.461420 0.772062 0.456276 0.700046 0.417052 0.702332 0.416409 0.759488 0.370756 0.800640 0.354038 0.824646 0.309028 0.761774 0.307099 0.697759 0.269805 0.696616 0.267233 0.753772 0.215149 0.823503 0.164352 0.754915 0.157279 0.688615 0.125772 0.688615 0.116127 0.751486 0.065972 0.816644 0.062757 0.969822 0.206790 0.968679 0.339249 0.970965 0.342290 0.999074 0.000000 0.999074