3 0.022248 0.001600 0.176569 0.847508 0.195216 0.921811 0.219007 0.975537 0.233974 0.999074 0.015175 0.999074 0.002315 0.974394 0.001029 0.644033 0.020962 0.614312 0.033822 0.567444 0.040252 0.527435 0.042824 0.485139 0.033822 0.437128 0.001672 0.246228 0.001029 0.000457
0 0.354681 0.040466 0.277521 0.037037 0.244727 0.083905 0.226723 0.087334 0.224794 0.182213 0.241512 0.176497 0.274306 0.226795 0.352109 0.233653
0 0.350180 0.265661 0.276235 0.263374 0.262088 0.303384 0.228009 0.309099 0.226080 0.374257 0.258230 0.375400 0.276878 0.421125 0.349537 0.423411
0 0.347608 0.446273 0.277521 0.443987 0.266590 0.488569 0.230581 0.486283 0.230581 0.552583 0.263374 0.554870 0.276235 0.598308 0.347608 0.602881
0 0.782279 0.000457 0.588092 0.000457 0.589378 0.122771 0.720550 0.120485 0.760417 0.039323 0.782922 0.035894
0 0.784851 0.208505 0.742413 0.203932 0.719264 0.126200 0.588735 0.127343 0.585520 0.327389 0.732767 0.327389 0.743056 0.279378 0.789995 0.274806
0 0.815715 0.411980 0.766204 0.409694 0.732767 0.333105 0.585520 0.333105 0.597737 0.566301 0.723122 0.570873 0.764918 0.501143 0.815715 0.467993
0 0.823431 0.653178 0.755916 0.649749 0.713477 0.601738 0.598380 0.596022 0.608668 0.807499 0.694187 0.806356 0.726980 0.790352 0.753987 0.720622 0.826646 0.724051
0 0.831790 0.879515 0.799640 0.873800 0.731481 0.793781 0.696116 0.812071 0.609311 0.861225 0.611874 0.999074 0.804784 0.997257 0.816358 0.953818 0.831147 0.951532
2 0.826003 0.000457 0.823431 0.242798 0.875514 0.243941 0.871013 0.999074 0.989969 0.999074 0.987397 0.565158 0.999479 0.561792 0.999479 0.438272 0.989969 0.432556 0.988040 0.141061 0.917953 0.135345 0.918596 0.002743
1 0.053112 0.001600 0.239925 0.999074 0.608025 0.999074 0.605453 0.854367 0.689686 0.809785 0.603524 0.812071 0.597094 0.590306 0.715406 0.597165 0.757845 0.644033 0.827289 0.649749 0.830504 0.727481 0.755273 0.725194 0.732767 0.786923 0.800283 0.866941 0.834362 0.874943 0.834362 0.954961 0.818930 0.957247 0.808642 0.996113 0.868441 0.998400 0.873585 0.249657 0.820216 0.249657 0.822145 0.001600 0.786780 0.001600 0.786780 0.040466 0.764275 0.045039 0.723765 0.123914 0.744342 0.198217 0.786780 0.203932 0.792567 0.279378 0.745628 0.283951 0.735983 0.328532 0.766204 0.402835 0.818930 0.407407 0.818930 0.471422 0.767490 0.505716 0.725051 0.577732 0.594522 0.570873 0.581662 0.330818 0.586163 0.126200 0.585520 0.001600 0.426183 0.000000 0.356610 0.001600 0.357896 0.041610 0.354681 0.239369 0.353395 0.266804 0.352109 0.429127 0.350823 0.446273 0.350180 0.610882 0.273020 0.605167 0.262731 0.561728 0.227366 0.557156 0.228652 0.481710 0.264017 0.482853 0.274949 0.439415 0.347608 0.441701 0.347608 0.430270 0.273663 0.424554 0.258230 0.383402 0.224151 0.379973 0.226723 0.303384 0.260159 0.297668 0.275592 0.258802 0.349537 0.259945 0.350180 0.238226 0.270448 0.230224 0.242155 0.185642 0.222222 0.185642 0.224794 0.080476 0.242798 0.080476 0.276878 0.031321 0.354681 0.033608 0.353395 0.000457