6 0.000531 0.559102 0.087709 0.489771 0.121138 0.615930 0.006430 0.707992 0.000531 0.694354 0.000000 0.587561
5 0.212248 0.434079 0.163088 0.474995 0.182096 0.536370 0.236501 0.482951
4 0.100818 0.495454 0.127692 0.596608 0.910026 0.000000 0.753012 0.001046
6 0.758256 0.477269 0.643548 0.562511 0.671733 0.677305 0.788407 0.587516
5 0.879518 0.424986 0.830357 0.465903 0.842811 0.507956 0.895249 0.463630
4 0.997503 0.315876 0.766121 0.490907 0.785785 0.564785 0.999384 0.402536
3 0.916224 0.472722 0.786441 0.572740 0.792340 0.589789 0.789063 0.600018 0.794307 0.635252 0.798895 0.663666 0.794962 0.698900 0.769399 0.725041 0.733348 0.762548 0.430520 0.995545 0.563345 0.998932 0.754978 0.851200 0.785130 0.846654 0.813971 0.839835 0.949653 0.731860 0.942443 0.706856 0.948342 0.671622 0.964729 0.651164 0.999384 0.632447 0.999384 0.572740 0.971939 0.588652 0.944409 0.600018 0.932611 0.592062 0.920813 0.576150 0.912947 0.536370 0.909670 0.510229 0.910325 0.485225
0 0.682876 0.925077 0.691398 0.947809 0.749079 0.978496 0.752356 0.981906 0.777920 0.963721 0.777920 0.939853 0.752356 0.871658
0 0.754978 0.870522 0.781197 0.934170 0.792996 0.939853 0.798895 0.958038 0.810693 0.947809 0.806761 0.926214 0.820525 0.910302 0.811349 0.855746
1 0.972595 0.722768 0.814626 0.845517 0.785785 0.850064 0.754978 0.856883 0.639615 0.944399 0.568373 0.998932 0.751701 0.998932 0.751701 0.986452 0.687465 0.952355 0.680255 0.923941 0.752356 0.865976 0.813971 0.851200 0.823803 0.913712 0.811349 0.927350 0.814626 0.950082 0.798239 0.964857 0.791029 0.946672 0.781853 0.939853 0.781197 0.967130 0.754323 0.984179 0.755632 0.998932 0.999384 0.998932 0.999384 0.819376
3 0.890661 0.388616 0.766777 0.480678 0.745802 0.431806 0.731381 0.390889 0.711717 0.378387 0.689431 0.386343 0.646170 0.409074 0.610775 0.435215 0.585867 0.455674 0.561614 0.482951 0.546538 0.504546 0.526219 0.526141 0.336788 0.668212 0.292871 0.711402 0.250265 0.754592 0.239122 0.776187 0.235190 0.798918 0.241089 0.834152 0.257476 0.923941 0.279736 0.998932 0.241089 0.998932 0.237812 0.959174 0.198483 0.839835 0.184718 0.810284 0.128348 0.606838 0.222080 0.531824 0.220114 0.539780 0.222736 0.565921 0.242400 0.647754 0.253543 0.669349 0.271241 0.671622 0.304014 0.656847 0.502622 0.500000 0.526874 0.474995 0.541295 0.452264 0.564892 0.426123 0.602254 0.395436 0.650758 0.348836 0.688776 0.311329 0.701230 0.272686 0.683532 0.196536 0.675011 0.186307 0.814626 0.077196 0.808727 0.098791 0.810693 0.130615 0.817904 0.161302 0.830357 0.178351 0.845433 0.186307 0.872308 0.173804 0.931300 0.143117 0.999384 0.090046 0.999384 0.139707 0.956863 0.169258 0.907703 0.210175 0.865753 0.251091 0.854610 0.276096 0.855265 0.310193 0.866408 0.354519 0.876896 0.378387
3 0.168332 0.003319 0.130314 0.138571 0.138835 0.153346 0.146046 0.171531 0.145390 0.198809 0.136213 0.226087 0.117205 0.246545 0.092952 0.264730 0.085087 0.431806 0.100163 0.486361 0.183407 0.426123 0.181441 0.415894 0.187996 0.303373 0.194550 0.277232 0.205693 0.262457 0.515076 0.021504 0.547711 -0.000000 0.469848 0.000000 0.402990 0.053328 0.353830 0.073786 0.334821 0.072650 0.324334 0.065830 0.323023 0.056738 0.269930 0.095381 0.273862 0.109020 0.269930 0.121522 0.262064 0.140844 0.252232 0.146527 0.235845 0.155619 0.220769 0.157892 0.213559 0.141980 0.214870 0.121522 0.227324 0.106747 0.245677 0.095381 0.260098 0.091971 0.269274 0.090835 0.322367 0.052191 0.328267 0.035143 0.340065 0.015821 0.356358 0.000000