2 0.623323 0.001046 0.312983 0.001046 0.446470 0.087425 0.451213 0.165848 0.401748 0.323832 0.363125 0.352246 0.241835 0.720495 0.267584 0.858020 0.226257 0.998932 0.273682 0.997818 0.310272 0.902346 0.407169 0.859156 0.544722 0.399982 0.527782 0.309056 0.545399 0.255637 0.588088 0.224950 0.628066 0.095381 0.615869 0.024914
0 0.657203 0.022640 0.668044 0.059011 0.648394 0.077196 0.667367 0.114703 0.642296 0.186307 0.674820 0.269276 0.760875 0.328378 0.804242 0.122659 0.775105 0.047645 0.731739 0.049918 0.716154 0.020367 0.697181 0.028323 0.680295 0.000000
0 0.671432 0.271549 0.628066 0.307920 0.613159 0.288598 0.596897 0.306783 0.565727 0.278369 0.552175 0.306783 0.578601 0.340880 0.566405 0.382933 0.592153 0.402255 0.592831 0.470449 0.639585 0.518185 0.714121 0.553419 0.759520 0.334061
0 0.710733 0.594335 0.649749 0.578423 0.624678 0.584106 0.594186 0.642071 0.565727 0.634115 0.556918 0.670486 0.507454 0.664803 0.501355 0.697763 0.549465 0.730724 0.543366 0.770504 0.572503 0.785279 0.592153 0.889844 0.722252 0.908029
0 0.489836 0.885297 0.506098 0.944399 0.521683 0.972813 0.512874 0.997818 0.720057 0.998932 0.720897 0.914848 0.589443 0.895526 0.558951 0.931897 0.508131 0.863702
0 0.409202 0.246545 0.396327 0.294281 0.352284 0.273823 0.342797 0.294281 0.325857 0.274959 0.274360 0.328378 0.208633 0.240862 0.237092 0.199945 0.289944 0.022640 0.352284 0.085152 0.355672 0.162439 0.379387 0.185170 0.371256 0.212448
0 0.276392 0.528414 0.253354 0.551146 0.224217 0.488634 0.208633 0.502273 0.195081 0.473859 0.179496 0.494317 0.088698 0.429533 0.206600 0.244272 0.268939 0.330651 0.251999 0.394299 0.264196 0.439762 0.249289 0.457947
0 0.085987 0.431806 0.178818 0.498863 0.187627 0.579560 0.210665 0.603428 0.198469 0.660256 0.234381 0.693217 0.219474 0.743226 0.185594 0.712539 0.167977 0.763684 0.138840 0.747772 0.089375 0.790962 0.001287 0.717085 0.000000 0.620988 0.041266 0.495454
0 0.090053 0.797781 0.127321 0.855746 0.187627 0.845517 0.199146 0.923941 0.159168 0.958038 0.143583 0.996681 0.047879 0.998932 0.000000 0.998932 0.000000 0.725041
1 0.000610 0.001046 0.001287 0.610247 0.038555 0.490907 0.086665 0.426123 0.204567 0.236316 0.235059 0.196536 0.287912 0.018094 0.357704 0.082879 0.359059 0.159029 0.382775 0.184033 0.373967 0.209038 0.413945 0.245408 0.398360 0.299964 0.354316 0.279505 0.343475 0.301100 0.325180 0.282915 0.272327 0.334061 0.255387 0.393162 0.268939 0.443171 0.254032 0.457947 0.281136 0.531824 0.252677 0.557965 0.224895 0.496590 0.207277 0.507956 0.194403 0.482951 0.184239 0.496590 0.190337 0.575014 0.214731 0.600018 0.201179 0.659120 0.238447 0.690944 0.220152 0.748909 0.186949 0.720495 0.168654 0.771640 0.140195 0.753455 0.095474 0.790962 0.127998 0.848927 0.190337 0.838698 0.202534 0.926214 0.163911 0.961448 0.149682 0.995545 0.222374 0.998932 0.264196 0.858020 0.237769 0.719358 0.361770 0.347700 0.399038 0.319285 0.446470 0.165848 0.443082 0.089698 0.305529 0.001046
1 0.628066 0.004455 0.619935 0.024914 0.632809 0.094244 0.590798 0.231769 0.548109 0.261320 0.531847 0.309056 0.548109 0.401118 0.407847 0.867112 0.312305 0.909165 0.277756 0.998932 0.508809 0.997818 0.516262 0.973950 0.502710 0.947809 0.485770 0.883024 0.510164 0.856883 0.559629 0.927350 0.587410 0.888707 0.569115 0.792099 0.539301 0.773913 0.546077 0.731860 0.496612 0.701173 0.506776 0.656847 0.553530 0.664803 0.565049 0.627296 0.592831 0.635252 0.621968 0.580696 0.651104 0.572740 0.712766 0.587516 0.724963 0.911438 0.724285 0.998932 0.996002 0.998932 0.998035 0.003319 0.687017 0.001046 0.697181 0.021504 0.718187 0.014684 0.732416 0.043099 0.777138 0.043099 0.808985 0.122659 0.763586 0.334061 0.716154 0.560238 0.637553 0.525005 0.588088 0.473859 0.588765 0.406801 0.562339 0.386343 0.573181 0.343153 0.547432 0.304510 0.565727 0.270413 0.596219 0.299964 0.613159 0.280642 0.627389 0.299964 0.670077 0.265867 0.637553 0.184033 0.662624 0.114703 0.644328 0.074923 0.663301 0.057874 0.652460 0.019231 0.672788 0.001046