0 0.742413 0.305670 0.738555 0.193644 0.714763 0.163923 0.714763 0.128487 0.690972 0.129630 0.693544 0.090764 0.679398 0.089620 0.679398 0.123914 0.658822 0.125057 0.657536 0.160494 0.631816 0.194787 0.632459 0.305670
0 0.620885 0.307956 0.620242 0.195930 0.598380 0.168496 0.595808 0.131916 0.575231 0.129630 0.573945 0.090764 0.558513 0.086191 0.558513 0.125057 0.539866 0.128487 0.539223 0.170782 0.512217 0.194787 0.512217 0.305670
0 0.504501 0.306813 0.507716 0.193644 0.483282 0.169639 0.483282 0.133059 0.463349 0.129630 0.463349 0.090764 0.446631 0.089620 0.447917 0.126200 0.425412 0.127343 0.426055 0.167353 0.398405 0.193644 0.397762 0.305670
0 0.391332 0.306813 0.393261 0.193644 0.370113 0.167353 0.369470 0.127343 0.352109 0.127343 0.350823 0.087334 0.334105 0.087334 0.333462 0.128487 0.311600 0.128487 0.311600 0.170782 0.288452 0.193644 0.287809 0.302241
0 0.280736 0.301097 0.281379 0.193644 0.258230 0.169639 0.258230 0.131916 0.235725 0.128487 0.235725 0.088477 0.219650 0.088477 0.219007 0.125057 0.197788 0.131916 0.173354 0.195930 0.172068 0.299954
0 0.166924 0.298811 0.169496 0.190215 0.146348 0.167353 0.143776 0.128487 0.123200 0.126200 0.123200 0.086191 0.108410 0.087334 0.106481 0.125057 0.086548 0.126200 0.083333 0.170782 0.060185 0.199360 0.060828 0.307956
0 0.698688 0.679470 0.698688 0.813214 0.717335 0.833791 0.717978 0.866941 0.737269 0.871513 0.737269 0.926383 0.760417 0.926383 0.761060 0.869227 0.778421 0.869227 0.779707 0.833791 0.797711 0.812071 0.797068 0.738912 0.773277 0.712620 0.744985 0.694330
0 0.683899 0.678326 0.683899 0.784636 0.664609 0.806356 0.665252 0.839506 0.649177 0.840649 0.647891 0.900091 0.622814 0.896662 0.624100 0.840649 0.605453 0.841792 0.606739 0.806356 0.586806 0.783493 0.588092 0.678326
0 0.579733 0.682899 0.579733 0.792638 0.553369 0.825789 0.552726 0.862369 0.530221 0.863512 0.530221 0.901235 0.514146 0.904664 0.513503 0.860082 0.494856 0.862369 0.494213 0.822359 0.467850 0.798354 0.470422 0.676040
0 0.463992 0.678326 0.463349 0.796068 0.433771 0.830361 0.437629 0.882945 0.415123 0.904664 0.397762 0.900091 0.399048 0.860082 0.376543 0.864655 0.375900 0.818930 0.355324 0.807499 0.356610 0.678326
0 0.350823 0.679470 0.348894 0.793781 0.325103 0.824646 0.324460 0.857796 0.304527 0.864655 0.303241 0.896662 0.285880 0.898948 0.284594 0.861225 0.238297 0.800640 0.239583 0.678326
0 0.223508 0.677183 0.224151 0.812071 0.211291 0.829218 0.213220 0.862369 0.150206 0.863512 0.150206 0.820073 0.126415 0.797211 0.127701 0.673754
2 0.865869 0.000457 0.865869 0.166209 0.964249 0.171925 0.965535 0.017604 0.991255 0.017604 0.991805 0.000000
1 0.857510 0.003887 0.697402 0.002743 0.695473 0.024463 0.260159 0.025606 0.260159 0.005030 0.024820 0.003887 0.023534 0.038180 0.000386 0.035894 0.001029 0.312529 0.054398 0.309099 0.056970 0.192501 0.078189 0.167353 0.080761 0.118198 0.100694 0.117055 0.105195 0.080476 0.126415 0.079332 0.126415 0.119342 0.146991 0.119342 0.149563 0.161637 0.170782 0.184499 0.195859 0.126200 0.214506 0.122771 0.215792 0.081619 0.238940 0.081619 0.238940 0.123914 0.260159 0.125057 0.260802 0.165066 0.283308 0.186786 0.282665 0.303384 0.285237 0.302241 0.287166 0.183356 0.307742 0.165066 0.308385 0.122771 0.330247 0.121628 0.330247 0.085048 0.354681 0.083905 0.354038 0.121628 0.373971 0.122771 0.372685 0.161637 0.393261 0.187929 0.402263 0.184499 0.421553 0.165066 0.422197 0.121628 0.442773 0.121628 0.443416 0.085048 0.465921 0.085048 0.467207 0.123914 0.487783 0.127343 0.487140 0.161637 0.508359 0.187929 0.516075 0.185642 0.534722 0.166209 0.536651 0.123914 0.555941 0.120485 0.555941 0.079332 0.576517 0.083905 0.577160 0.122771 0.599666 0.123914 0.600952 0.162780 0.623457 0.193644 0.624100 0.304527 0.629887 0.304527 0.629244 0.191358 0.653035 0.160494 0.655607 0.120485 0.676183 0.119342 0.676183 0.083905 0.696116 0.082762 0.695473 0.125057 0.717978 0.125057 0.718621 0.160494 0.741770 0.190215 0.745628 0.314815 0.510288 0.311385 0.286523 0.311385 0.168853 0.306813 0.058256 0.315958 0.001672 0.320530 0.001034 0.999074 0.854938 0.999074 0.851723 0.818930 0.840149 0.785780 0.802212 0.743484 0.802855 0.815501 0.783565 0.838363 0.782922 0.876086 0.762989 0.877229 0.764275 0.932099 0.734697 0.933242 0.733410 0.878372 0.713477 0.874943 0.713477 0.834934 0.696759 0.816644 0.694830 0.677183 0.686471 0.678326 0.687114 0.789209 0.667181 0.813214 0.668467 0.842936 0.653035 0.844079 0.651749 0.903521 0.620885 0.902378 0.620885 0.846365 0.602238 0.846365 0.602881 0.807499 0.584877 0.785780 0.584877 0.677183 0.582948 0.677183 0.581662 0.800640 0.557227 0.828075 0.555941 0.865798 0.532150 0.866941 0.532793 0.906950 0.511574 0.909236 0.511574 0.866941 0.491641 0.866941 0.491641 0.826932 0.468493 0.805213 0.462706 0.804070 0.438272 0.832647 0.440844 0.884088 0.415766 0.913809 0.393261 0.904664 0.394547 0.869227 0.373971 0.870370 0.371399 0.823503 0.352109 0.812071 0.348251 0.801783 0.328961 0.826932 0.327032 0.862369 0.307742 0.870370 0.307099 0.898948 0.282665 0.903521 0.282022 0.864655 0.233796 0.797211 0.235725 0.677183 0.228009 0.677183 0.226080 0.677183 0.226723 0.817787 0.215149 0.832647 0.215149 0.870370 0.148277 0.869227 0.147634 0.823503 0.121914 0.799497 0.124486 0.669182 0.464635 0.672611 0.472351 0.668038 0.702546 0.671468 0.747557 0.688615 0.778421 0.710334 0.836934 0.773205 0.854295 0.810928 0.851080 0.270233