2 0.285880 0.070187 0.289095 0.152492 0.622171 0.126200 0.649820 0.158208 0.678112 0.194787 0.707690 0.239369 0.730838 0.281664 0.745628 0.318244 0.759131 0.821216 0.730195 0.825789 0.737840 0.999074 0.871656 0.999074 0.865869 0.816644 0.845293 0.818930 0.835005 0.312529 0.863297 0.243941 0.903807 0.173068 0.952675 0.104481 0.999479 0.056934 0.999479 0.000457 0.658179 0.001600 0.442130 0.024463 0.442130 0.063329
0 0.013246 0.706904 0.000000 0.726171 0.000000 0.857796 0.003601 0.869227 0.015175 0.855510 0.020962 0.869227 0.080761 0.776635 0.021605 0.698903
0 0.160494 0.869227 0.082047 0.932099 0.082047 0.958390 0.053112 0.991541 0.055655 0.999074 0.214506 0.999074 0.208719 0.926383
0 0.196502 0.143347 0.178498 0.165066 0.152778 0.142204 0.112912 0.182213 0.136703 0.246228 0.146348 0.258802 0.169496 0.281664 0.185571 0.253086 0.182356 0.191358 0.206147 0.163923
0 0.161137 0.048468 0.141204 0.065615 0.125129 0.037037 0.093621 0.058756 0.094907 0.129630 0.112269 0.178784 0.152135 0.137631 0.150206 0.094193 0.168853 0.070187
0 0.219007 0.003887 0.222865 0.033608 0.246656 0.049611 0.247942 0.077046 0.260802 0.077046 0.259516 0.048468 0.285880 0.043896 0.287809 0.002743
0 0.168210 0.002743 0.179784 0.013032 0.182356 0.051898 0.197145 0.051898 0.195859 0.011888 0.205333 0.000000
0 0.240226 0.205075 0.230581 0.227938 0.204218 0.215364 0.188143 0.256516 0.173354 0.286237 0.236368 0.357110 0.262731 0.285094 0.253729 0.248514 0.260159 0.225652
0 0.294239 0.210791 0.293596 0.258802 0.247942 0.345679 0.247942 0.369684 0.318030 0.455418 0.331533 0.458848 0.347608 0.446273 0.351466 0.424554 0.350180 0.334248 0.314815 0.251943 0.308385 0.208505
0 0.432485 0.195930 0.427984 0.242798 0.391332 0.288523 0.366255 0.368541 0.367541 0.475995 0.379758 0.494284 0.388117 0.498857 0.483925 0.490855 0.501286 0.352538 0.462063 0.242798 0.461420 0.191358
0 0.568158 0.185642 0.561728 0.249657 0.507073 0.350251 0.488426 0.488569 0.506430 0.497714 0.524434 0.516004 0.535365 0.554870 0.617027 0.331962 0.588735 0.255373 0.588735 0.182213
0 0.689686 0.319387 0.669110 0.346822 0.621528 0.333105 0.538580 0.557156 0.541152 0.612026 0.617670 0.560585 0.687114 0.450846 0.692901 0.375400 0.705118 0.347965
0 0.716692 0.605167 0.681970 0.607453 0.667181 0.558299 0.620885 0.565158 0.541795 0.616598 0.542438 0.714906 0.648534 0.702332 0.685828 0.657750 0.720550 0.647462
0 0.705761 0.768633 0.670396 0.766347 0.650463 0.708048 0.543081 0.719479 0.546939 0.880658 0.650463 0.865798 0.667181 0.821216 0.698045 0.821216
0 0.696759 0.941244 0.659465 0.940101 0.651749 0.873800 0.547582 0.889803 0.550154 0.999074 0.663323 0.994970 0.702546 0.996113
0 0.878729 0.273663 0.862011 0.307956 0.899306 0.334248 0.908951 0.414266 0.999479 0.438190 0.999479 0.321674 0.959748 0.279378 0.919239 0.294239
0 0.974537 0.137631 0.953961 0.158208 0.970679 0.221079 0.961034 0.273663 0.999479 0.314306 0.999479 0.184499
0 0.851723 0.485139 0.854295 0.520576 0.901878 0.525149 0.908951 0.562872 0.999479 0.561746 0.999479 0.442844 0.908951 0.419982 0.898663 0.459991
0 0.859439 0.614312 0.858796 0.658893 0.914095 0.656607 0.963606 0.673754 0.999479 0.676997 0.999479 0.566301 0.908951 0.569730 0.892876 0.607453
0 0.899306 0.725194 0.902521 0.773205 0.937243 0.777778 0.953318 0.825789 0.999479 0.838155 0.999479 0.681756 0.962963 0.681756 0.944316 0.728624
0 0.892876 0.882945 0.896091 0.948102 0.935957 0.952675 0.962320 0.989255 0.999479 0.989255 0.999479 0.846365 0.952675 0.832647 0.936600 0.882945
1 0.998328 0.062186 0.952675 0.111340 0.907022 0.175354 0.866512 0.246228 0.838220 0.312529 0.846579 0.814358 0.867798 0.813214 0.874134 0.999074 0.999479 0.999074 0.999479 0.992684 0.962320 0.993827 0.936600 0.959534 0.894162 0.953818 0.890947 0.879515 0.933385 0.879515 0.949460 0.831504 0.935957 0.782350 0.900592 0.778921 0.897377 0.720622 0.941744 0.724051 0.961034 0.676040 0.913452 0.662323 0.856867 0.664609 0.856867 0.609739 0.890303 0.604024 0.905736 0.567444 0.899306 0.529721 0.853009 0.525149 0.849794 0.479424 0.896091 0.457705 0.906379 0.415409 0.897377 0.338820 0.858796 0.311385 0.877443 0.267947 0.918596 0.288523 0.955890 0.274806 0.967464 0.221079 0.950103 0.159351 0.976466 0.130773 0.999479 0.173633
1 0.547582 0.997257 0.538580 0.617741 0.535365 0.562872 0.522505 0.520576 0.505787 0.503429 0.485854 0.494284 0.387474 0.505716 0.365612 0.480567 0.354038 0.426840 0.350180 0.451989 0.331533 0.465706 0.314815 0.458848 0.245370 0.370828 0.244727 0.346822 0.235082 0.362826 0.168853 0.288523 0.144419 0.264518 0.133488 0.248514 0.109697 0.182213 0.091692 0.128487 0.091049 0.051898 0.126415 0.031321 0.141847 0.059899 0.161780 0.041610 0.171425 0.071331 0.153421 0.094193 0.154707 0.136488 0.178498 0.159351 0.197145 0.137631 0.209362 0.165066 0.186214 0.193644 0.188786 0.245085 0.203575 0.208505 0.229295 0.221079 0.239583 0.199360 0.263374 0.224508 0.258230 0.247371 0.266590 0.285094 0.249228 0.333105 0.290381 0.257659 0.292310 0.206219 0.311600 0.205075 0.318030 0.247371 0.352752 0.333105 0.354681 0.416552 0.365612 0.465706 0.363683 0.366255 0.389403 0.282807 0.426055 0.239369 0.429913 0.190215 0.463992 0.186786 0.464635 0.239369 0.502572 0.345679 0.558513 0.248514 0.565586 0.181070 0.591307 0.178784 0.592593 0.253086 0.618313 0.327389 0.667181 0.341107 0.690972 0.312529 0.708333 0.349108 0.696759 0.374257 0.689686 0.455418 0.622814 0.557156 0.669753 0.553727 0.683256 0.600594 0.719264 0.599451 0.723122 0.652035 0.688400 0.663466 0.653678 0.702332 0.672325 0.759488 0.708976 0.764060 0.701260 0.826932 0.667824 0.826932 0.653678 0.866941 0.661394 0.933242 0.699331 0.935528 0.705761 0.996113 0.732407 0.999074 0.727623 0.820073 0.757202 0.818930 0.743699 0.320530 0.728909 0.288523 0.703832 0.241655 0.675540 0.200503 0.647891 0.166209 0.621528 0.130773 0.286523 0.158208 0.283951 0.066758 0.439558 0.059899 0.438915 0.018747 0.634388 0.002743 0.290381 0.000457 0.288452 0.048468 0.263374 0.051898 0.263374 0.082762 0.244727 0.081619 0.244084 0.053041 0.220293 0.037037 0.215792 0.006173 0.209362 0.005030 0.199074 0.014175 0.199717 0.055327 0.179141 0.056470 0.175926 0.015318 0.166924 0.006173 0.155350 0.002743 0.000000 0.004998 0.000000 0.718336 0.012603 0.702332 0.022248 0.693187 0.085905 0.776635 0.020962 0.874943 0.013889 0.864655 0.001029 0.877229 0.000386 0.996113 0.050540 0.998400 0.049254 0.984682 0.078832 0.954961 0.079475 0.927526 0.161780 0.863512 0.212577 0.924097 0.218078 0.999074