2 0.081404 0.001600 0.112269 0.053041 0.677469 0.030178 0.677469 0.000000 0.875514 0.000000 0.880015 0.190215 0.845293 0.262231 0.680684 0.265661 0.678755 0.245085 0.209362 0.263374 0.123843 0.430270 0.076260 0.849794 0.000000 0.921317 0.000000 0.003887
0 0.154064 0.805213 0.141204 0.816644 0.153421 0.888660 0.133488 0.941244 0.151823 0.999074 0.217078 0.999074 0.228009 0.967535 0.237654 0.930956 0.208719 0.878372 0.175926 0.869227
0 0.046039 0.918381 0.031893 0.960677 0.053112 0.985825 0.054832 0.999074 0.148920 0.999074 0.131559 0.945816 0.079475 0.954961
0 0.165638 0.688615 0.151492 0.722908 0.176569 0.760631 0.176569 0.826932 0.210648 0.873800 0.238940 0.924097 0.255015 0.869227 0.276235 0.828075 0.290381 0.801783 0.230581 0.702332 0.192001 0.719479
0 0.182999 0.560585 0.178498 0.594879 0.216435 0.617741 0.232510 0.696616 0.318030 0.761774 0.346322 0.724051 0.352752 0.697759 0.351466 0.677183 0.327675 0.545725 0.263374 0.517147 0.223508 0.568587
0 0.396476 0.305670 0.427341 0.305670 0.430556 0.382259 0.445345 0.381116 0.445345 0.439415 0.478781 0.496571 0.483925 0.671468 0.391332 0.685185 0.374614 0.664609 0.344393 0.498857 0.360468 0.425697 0.393904 0.401692
0 0.534079 0.298811 0.563657 0.297668 0.566872 0.373114 0.599023 0.408551 0.599023 0.451989 0.631173 0.506859 0.635031 0.670325 0.487140 0.672611 0.481996 0.490855 0.496142 0.456561 0.498071 0.400549 0.530221 0.376543
0 0.697402 0.323960 0.697402 0.384545 0.676183 0.390261 0.677469 0.446273 0.635674 0.503429 0.638246 0.668038 0.778421 0.663466 0.779064 0.483996 0.746271 0.445130 0.746271 0.390261 0.729552 0.392547 0.726337 0.317101
0 0.876157 0.295382 0.853009 0.322817 0.856224 0.421125 0.806713 0.482853 0.811857 0.662323 0.968750 0.622314 0.952675 0.369684 0.910237 0.358253
0 0.899306 0.191358 0.885802 0.233653 0.933385 0.283951 0.955247 0.366255 0.962963 0.496571 0.999479 0.533357 0.999479 0.197074 0.983539 0.190215 0.940458 0.226795
0 0.928241 0.026749 0.930813 0.081619 0.955890 0.080476 0.982896 0.181070 0.999479 0.191989 0.999479 0.003887 0.962963 0.003887 0.962320 0.023320
1 0.086548 0.001600 0.113555 0.049611 0.674897 0.026749 0.674897 0.000457
1 0.878729 0.000457 0.882587 0.192501 0.846579 0.266804 0.678112 0.269090 0.675540 0.248514 0.210648 0.266804 0.125129 0.432556 0.078189 0.854367 0.000000 0.926694 0.000000 0.999074 0.050540 0.998400 0.049897 0.990398 0.029321 0.961820 0.044110 0.912666 0.078832 0.948102 0.128987 0.941244 0.150206 0.887517 0.138632 0.814358 0.155350 0.799497 0.175926 0.863512 0.204861 0.872657 0.174640 0.829218 0.173354 0.762917 0.148277 0.724051 0.165638 0.681756 0.192644 0.713763 0.229295 0.697759 0.213863 0.622314 0.174640 0.599451 0.181713 0.553727 0.221579 0.562872 0.264017 0.511431 0.329604 0.538866 0.354681 0.677183 0.356610 0.697759 0.347608 0.729767 0.316744 0.768633 0.236368 0.704618 0.292953 0.800640 0.277521 0.833791 0.256944 0.873800 0.240869 0.928669 0.230581 0.970965 0.220243 0.999074 0.999479 0.999074 0.999479 0.537723 0.963606 0.502286 0.970679 0.625743 0.809285 0.665752 0.804141 0.487426 0.782922 0.485139 0.780993 0.668038 0.636960 0.676040 0.483925 0.678326 0.390046 0.692044 0.372042 0.668038 0.341178 0.497714 0.357896 0.419982 0.390046 0.398262 0.393261 0.302241 0.429270 0.301097 0.432485 0.377686 0.447274 0.375400 0.447274 0.434842 0.478781 0.488569 0.492927 0.456561 0.494856 0.394833 0.527006 0.374257 0.531507 0.293096 0.565586 0.291952 0.569444 0.368541 0.602238 0.406264 0.601595 0.447417 0.630530 0.498857 0.674254 0.443987 0.672968 0.386831 0.695473 0.382259 0.694830 0.320530 0.728266 0.311385 0.730838 0.387974 0.748200 0.385688 0.748843 0.440558 0.780993 0.479424 0.804141 0.479424 0.853009 0.421125 0.850437 0.315958 0.878086 0.289666 0.911523 0.350251 0.949460 0.362826 0.930813 0.287380 0.881944 0.233653 0.898020 0.184499 0.939172 0.219936 0.979038 0.187929 0.954604 0.086191 0.928884 0.086191 0.925669 0.023320 0.960391 0.017604 0.959748 0.003887