2 0.001029 0.051898 0.041538 0.043896 0.471065 0.713763 0.512217 0.703475 0.573302 0.578875 0.568801 0.500000 0.462063 0.334248 0.436343 0.385688 0.176767 0.000000 0.000000 0.000000
0 0.159208 0.264518 0.130273 0.325103 0.067258 0.347965 0.029321 0.486283 0.029321 0.516004 0.036394 0.537723 0.101337 0.615455 0.155350 0.485139 0.149563 0.414266 0.168210 0.370828 0.159208 0.359396 0.180427 0.299954
0 0.250514 0.418839 0.227366 0.473708 0.195859 0.449703 0.184928 0.477138 0.157279 0.488569 0.103266 0.618884 0.195859 0.760631 0.249228 0.660037 0.248585 0.581161 0.264017 0.552583 0.253729 0.498857 0.271734 0.455418
0 0.356610 0.601738 0.334105 0.648605 0.319316 0.630316 0.303241 0.666895 0.253729 0.661180 0.199074 0.761774 0.297454 0.914952 0.355967 0.802926 0.348894 0.740055 0.366255 0.700046 0.353395 0.680613 0.378472 0.631459
0 0.420267 0.798354 0.402263 0.824646 0.381044 0.822359 0.323817 0.950389 0.358049 0.999074 0.418338 0.999074 0.445988 0.934385 0.440844 0.876086 0.453061 0.844079
0 0.516718 0.760631 0.523791 0.814358 0.485211 0.865798 0.495463 0.999074 0.635031 0.997257 0.617670 0.838363 0.550797 0.788066 0.541152 0.746914
0 0.593879 0.688615 0.614455 0.718336 0.619599 0.837220 0.658179 0.888660 0.716049 0.722908 0.654964 0.641747 0.638889 0.668038 0.613169 0.641747
0 0.600952 0.513717 0.600309 0.564015 0.626029 0.569730 0.629244 0.604024 0.671682 0.608596 0.683256 0.652035 0.735983 0.674897 0.804141 0.473708 0.691615 0.457705 0.680041 0.491998 0.647248 0.490855 0.642104 0.518290
0 0.599023 0.400549 0.609954 0.445130 0.649820 0.416552 0.654321 0.439415 0.680684 0.423411 0.708333 0.448560 0.827932 0.350251 0.712191 0.217650 0.658822 0.264518 0.653678 0.323960 0.623457 0.343393 0.624100 0.374257
0 0.470422 0.338820 0.492284 0.375400 0.524434 0.320530 0.548225 0.349108 0.575874 0.290809 0.617670 0.306813 0.681970 0.186786 0.548225 0.033608 0.505787 0.114769 0.514789 0.176497 0.488426 0.216507 0.500000 0.274806
0 0.348894 0.192501 0.374614 0.225652 0.396476 0.179927 0.431199 0.192501 0.452418 0.137631 0.485211 0.123914 0.525077 0.009602 0.512114 0.000000 0.351466 0.000457 0.359182 0.051898 0.346322 0.091907 0.357253 0.146776
1 0.997685 0.002743 0.519290 0.000457 0.529578 0.007316 0.485854 0.128487 0.453061 0.143347 0.431199 0.198217 0.398405 0.186786 0.375900 0.232510 0.345679 0.193644 0.354038 0.145633 0.343107 0.090764 0.356610 0.049611 0.347608 0.002743 0.179784 0.000457 0.435700 0.376543 0.460134 0.326246 0.469136 0.335391 0.496785 0.274806 0.485211 0.215364 0.511574 0.175354 0.501929 0.111340 0.546939 0.027892 0.686471 0.185642 0.618313 0.311385 0.576517 0.294239 0.549511 0.353681 0.525077 0.326246 0.495499 0.378829 0.572016 0.495428 0.575874 0.584591 0.512860 0.711477 0.469136 0.717193 0.040895 0.047325 0.000386 0.055327 0.001667 0.999074 0.354681 0.999074 0.321888 0.953818 0.295525 0.918381 0.195216 0.764060 0.100694 0.623457 0.033822 0.541152 0.026106 0.518290 0.026749 0.482853 0.065972 0.342250 0.128987 0.321674 0.159208 0.255373 0.185571 0.299954 0.163066 0.358253 0.172068 0.370828 0.153421 0.414266 0.158565 0.481710 0.182999 0.473708 0.195859 0.442844 0.225437 0.466850 0.249228 0.411980 0.275592 0.453132 0.257587 0.500000 0.268519 0.556013 0.252443 0.582305 0.252443 0.656607 0.302598 0.660037 0.319316 0.623457 0.333462 0.641747 0.355967 0.596022 0.382973 0.633745 0.359182 0.679470 0.370113 0.700046 0.353395 0.738912 0.359182 0.804070 0.300669 0.917238 0.322531 0.946959 0.381044 0.815501 0.400334 0.818930 0.419624 0.792638 0.456276 0.842936 0.445345 0.874943 0.449203 0.940101 0.421772 0.999074 0.492284 0.999074 0.481996 0.860082 0.519933 0.812071 0.513503 0.756059 0.543081 0.741198 0.552726 0.781207 0.617027 0.833791 0.611883 0.722908 0.590021 0.688615 0.611883 0.636031 0.637603 0.661180 0.655607 0.633745 0.716049 0.716049 0.732124 0.677183 0.680684 0.656607 0.669753 0.614312 0.626029 0.608596 0.623457 0.575446 0.596451 0.567444 0.598380 0.509145 0.639532 0.513717 0.645962 0.483996 0.679398 0.487426 0.690329 0.451989 0.705761 0.451989 0.679398 0.429127 0.652392 0.443987 0.648534 0.422268 0.606739 0.450846 0.595165 0.398262 0.620885 0.370828 0.620885 0.338820 0.650463 0.320530 0.656893 0.258802 0.712834 0.210791 0.831790 0.350251 0.711548 0.450846 0.808642 0.469136 0.735983 0.684042 0.719264 0.725194 0.658822 0.896662 0.622171 0.845222 0.637556 0.999074 0.820216 0.999074 0.999479 0.519803