2 0.027392 0.000457 0.028035 0.030178 0.136703 0.025606 0.136060 0.050754 0.200360 0.127343 0.235725 0.127343 0.233800 0.999074 0.343107 0.998400 0.340535 0.438272 0.428627 0.434842 0.431842 0.134202 0.467207 0.135345 0.469779 0.086191 0.633745 0.086191 0.633123 0.000000
0 0.026106 0.111340 0.026749 0.341107 0.140561 0.336534 0.186214 0.256516 0.220936 0.255373 0.221579 0.182213 0.179784 0.179927 0.130273 0.105624
0 0.218364 0.520576 0.182356 0.520576 0.143133 0.439415 0.026106 0.442844 0.026106 0.676040 0.139918 0.673754 0.183642 0.594879 0.218364 0.588020
0 0.214506 0.824646 0.181713 0.826932 0.136060 0.761774 0.028678 0.768633 0.028039 0.999074 0.150206 0.999074 0.183642 0.935528 0.215149 0.929813
0 0.356610 0.525149 0.355324 0.591449 0.387474 0.598308 0.429270 0.671468 0.555298 0.690901 0.564943 0.634888 0.581662 0.578875 0.601595 0.525149 0.617027 0.498857 0.542438 0.485139 0.436986 0.465706 0.391975 0.527435
0 0.473637 0.137631 0.472351 0.171925 0.485854 0.202789 0.491641 0.386831 0.543081 0.480567 0.618313 0.494284 0.630530 0.472565 0.633745 0.433699 0.632459 0.200503 0.615741 0.168496 0.518647 0.153635 0.496785 0.119342 0.485854 0.119342
0 0.714120 0.000000 0.713477 0.061043 0.665895 0.169639 0.669110 0.392547 0.679398 0.401692 0.688400 0.405121 0.722479 0.376543 0.772634 0.359396 0.797068 0.359396 0.796425 0.146776 0.757845 0.062186 0.755916 0.000457
0 0.854938 0.002743 0.856867 0.085048 0.811214 0.160494 0.813786 0.359396 0.885159 0.358253 0.923097 0.352538 0.942387 0.331962 0.952032 0.313672 0.948817 0.147920 0.910880 0.080476 0.910237 0.000457
0 0.546939 0.748057 0.443416 0.751486 0.393904 0.818930 0.355324 0.823503 0.355967 0.890947 0.395190 0.892090 0.447274 0.959534 0.549511 0.953818
1 0.001672 0.001600 0.000386 0.999074 0.023534 0.998400 0.024177 0.760631 0.136703 0.754915 0.182999 0.820073 0.218364 0.818930 0.218364 0.938957 0.183642 0.944673 0.154954 0.999074 0.228009 0.998400 0.233796 0.133059 0.198431 0.134202 0.133488 0.054184 0.133488 0.030178 0.027392 0.035894 0.028035 0.104481 0.132845 0.098765 0.181070 0.174211 0.224151 0.177641 0.224151 0.261088 0.186857 0.261088 0.142490 0.342250 0.028035 0.347965 0.028678 0.438272 0.146348 0.434842 0.182999 0.514861 0.222222 0.514861 0.222222 0.591449 0.186857 0.600594 0.141204 0.680613 0.023534 0.681756 0.022891 0.438272 0.024175 0.000000
1 0.998971 0.998400 0.345679 0.998400 0.342464 0.441701 0.431199 0.438272 0.435057 0.141061 0.467850 0.142204 0.469136 0.171925 0.482639 0.202789 0.489069 0.392547 0.537294 0.478281 0.436343 0.461134 0.390046 0.522862 0.354038 0.520576 0.353395 0.594879 0.385545 0.604024 0.426698 0.676040 0.551440 0.696616 0.547582 0.740055 0.442130 0.745770 0.393904 0.813214 0.353395 0.817787 0.353395 0.896662 0.393261 0.897805 0.445988 0.965249 0.552726 0.956104 0.550154 0.746914 0.557870 0.694330 0.569444 0.633745 0.585520 0.581161 0.605453 0.527435 0.622171 0.500000 0.633745 0.479424 0.637603 0.431413 0.636317 0.200503 0.615741 0.162780 0.519290 0.147920 0.498071 0.112483 0.485211 0.113626 0.472351 0.129630 0.472994 0.091907 0.638246 0.090764 0.636317 0.003887 0.710905 0.002743 0.710262 0.058756 0.660751 0.169639 0.665252 0.398262 0.677469 0.409694 0.690972 0.410837 0.724408 0.384545 0.773277 0.367398 0.800283 0.366255 0.798997 0.142204 0.761060 0.058756 0.759774 0.001600 0.851080 0.001600 0.853652 0.082762 0.807999 0.159351 0.810571 0.365112 0.885802 0.365112 0.926955 0.357110 0.947531 0.334248 0.955890 0.315958 0.952675 0.143347 0.916024 0.078189 0.914738 0.001600 0.984825 0.001600 0.988683 0.249657 0.999479 0.279011 0.999479 0.330818 0.989969 0.328532 0.992541 0.451989 0.999479 0.451989