2 0.432485 0.351395 0.300122 0.999074 0.404192 0.999074 0.521862 0.405121
0 0.298740 0.058756 0.247942 0.263374 0.339892 0.327389 0.391332 0.281664 0.420267 0.298811 0.437629 0.310242 0.455633 0.222222 0.411908 0.192501 0.381044 0.105624
0 0.406764 0.462277 0.393904 0.524005 0.349537 0.494284 0.301312 0.530864 0.202932 0.469136 0.242155 0.289666 0.340535 0.353681 0.361754 0.430270
0 0.354038 0.685185 0.338606 0.768633 0.306456 0.748057 0.240869 0.794925 0.146348 0.734339 0.193287 0.511431 0.284594 0.569730 0.316101 0.657750
0 0.145062 0.740055 0.091692 0.981253 0.111741 0.999074 0.278164 0.998400 0.294239 0.921811 0.260802 0.895519 0.241512 0.801783
0 0.555298 0.285094 0.543081 0.346822 0.581019 0.375400 0.603524 0.453132 0.710262 0.522862 0.734053 0.406264 0.734697 0.368541 0.724408 0.327389 0.641461 0.273663 0.595165 0.305670
0 0.511574 0.528578 0.500000 0.590306 0.530864 0.617741 0.551440 0.693187 0.660108 0.767490 0.697402 0.584591 0.589378 0.514861 0.544367 0.549154
0 0.463349 0.778921 0.451775 0.839506 0.472994 0.856653 0.509002 0.950389 0.584015 0.999074 0.614455 0.999074 0.648534 0.832647 0.547582 0.764060 0.486497 0.791495
3 0.827932 0.103338 0.866512 0.114769 0.937243 0.141061 0.999479 0.165161 0.999479 0.315958 0.942387 0.277092 0.905093 0.255373 0.770705 0.170782 0.508359 0.000457 0.667181 0.000457
0 0.998971 0.570873 0.990612 0.584591 0.966178 0.562872 0.952675 0.577732 0.898663 0.870370 0.998328 0.738912
0 0.978395 0.933242 0.944316 0.953818 0.916667 0.919524 0.889660 0.929813 0.872299 0.996113 0.952032 0.998400 0.948817 0.982396 0.985468 0.960677
1 0.001029 0.001600 0.001029 0.998400 0.105838 0.998400 0.087834 0.981253 0.142490 0.733196 0.192644 0.502286 0.287809 0.567444 0.318030 0.653178 0.357253 0.682899 0.339892 0.775492 0.306456 0.756059 0.244727 0.798354 0.263374 0.893233 0.297454 0.920668 0.280537 0.999074 0.297454 0.999074 0.393904 0.527435 0.350180 0.501143 0.300669 0.536580 0.199717 0.472565 0.240869 0.283951 0.342464 0.350251 0.363040 0.424554 0.407407 0.456561 0.430556 0.344536 0.525720 0.401692 0.407760 0.999074 0.578447 0.999074 0.507073 0.954961 0.471708 0.861225 0.448560 0.842936 0.462063 0.773205 0.485854 0.786923 0.550154 0.758345 0.649177 0.826932 0.658822 0.772062 0.549511 0.700046 0.528292 0.624600 0.497428 0.593736 0.510288 0.521719 0.545010 0.544582 0.590664 0.506859 0.699331 0.577732 0.707690 0.527435 0.599023 0.456561 0.580376 0.383402 0.537937 0.349108 0.552083 0.279378 0.593879 0.298811 0.642104 0.269090 0.727623 0.322817 0.738555 0.366255 0.737912 0.410837 0.712834 0.527435 0.701260 0.588020 0.663966 0.772062 0.652392 0.833791 0.618239 0.999074 0.867798 0.999074 0.887088 0.926383 0.916024 0.912666 0.944316 0.946959 0.979681 0.926383 0.989326 0.965249 0.953318 0.985825 0.955247 0.997257 0.993184 0.997257 0.999479 0.948016 0.999479 0.744627 0.894805 0.879515 0.951389 0.572016 0.966178 0.556013 0.989969 0.577732 0.999479 0.562939 0.999479 0.486283 0.744985 0.319387 0.721193 0.279378 0.681327 0.247371 0.316101 0.011888 0.299640 0.000000 0.298740 0.051898 0.384259 0.103338 0.413194 0.186786 0.459491 0.218793 0.439558 0.315958 0.391975 0.288523 0.339892 0.333105 0.244084 0.265661 0.294882 0.055327 0.296168 0.000457