2 0.001672 0.000457 0.000000 0.126276 0.000000 0.146776 0.138632 0.146776 0.139912 0.000000
2 0.246656 0.001600 0.246656 0.011888 0.222222 0.011888 0.211934 0.026749 0.211934 0.088477 0.791281 0.096479 0.798997 0.103338 0.809285 0.072474 0.827932 0.090764 0.832433 0.096479 0.869665 0.000000
3 0.997685 0.884088 0.944959 0.880658 0.740484 0.881802 0.458848 0.874943 0.296811 0.917238 0.282022 0.934385 0.271734 0.962963 0.274306 0.998400 0.172711 0.998400 0.148431 0.999074 0.130916 0.999074 0.107124 0.970965 0.082047 0.951532 0.070473 0.953818 0.066615 0.970965 0.062114 0.997257 0.001672 0.997257 0.000386 0.671468 0.080118 0.673754 0.070473 0.690901 0.065972 0.717193 0.070473 0.737769 0.082047 0.765203 0.247942 0.808642 0.382973 0.794925 0.431842 0.767490 0.453061 0.741198 0.456919 0.710334 0.445988 0.685185 0.402263 0.653178 0.594522 0.658893 0.570087 0.672611 0.551440 0.695473 0.548868 0.725194 0.557227 0.748057 0.581662 0.772062 0.617670 0.794925 0.670396 0.805213 0.753987 0.813214 0.890303 0.778921 0.920525 0.770919 0.936600 0.743484 0.938529 0.724051 0.928241 0.687471 0.905736 0.668038 0.864583 0.658893 0.779707 0.639460 0.753987 0.631459 0.669753 0.638317 0.622171 0.645176 0.599666 0.655464 0.391975 0.648605 0.359182 0.637174 0.332176 0.637174 0.282022 0.628029 0.249871 0.625743 0.166924 0.647462 0.085905 0.669182 0.001029 0.664609 0.000386 0.462277 0.999479 0.477107
1 0.141847 0.001600 0.141204 0.150206 0.000000 0.150206 0.000000 0.327389 0.056327 0.290809 0.059542 0.206219 0.104552 0.207362 0.101337 0.285094 0.135417 0.327389 0.164352 0.297668 0.169496 0.214220 0.212577 0.210791 0.213220 0.286237 0.240869 0.319387 0.266590 0.285094 0.268519 0.213077 0.321245 0.211934 0.323174 0.285094 0.355967 0.328532 0.377829 0.287380 0.380401 0.208505 0.428627 0.211934 0.433128 0.282807 0.460134 0.320530 0.488426 0.285094 0.489712 0.213077 0.539223 0.213077 0.543081 0.287380 0.570087 0.319387 0.601595 0.283951 0.600309 0.213077 0.649177 0.209648 0.652392 0.282807 0.681327 0.318244 0.708976 0.285094 0.709619 0.211934 0.764275 0.216507 0.762989 0.288523 0.785494 0.318244 0.788066 0.299954 0.829218 0.271376 0.833076 0.217650 0.877443 0.217650 0.880015 0.282807 0.917310 0.341107 0.926312 0.307956 0.937886 0.298811 0.939815 0.203932 0.980324 0.210791 0.979038 0.297668 0.999479 0.323320 0.999479 0.000000 0.873585 0.001600 0.832433 0.102195 0.811214 0.079332 0.801569 0.110197 0.789352 0.101052 0.208076 0.093050 0.208076 0.023320 0.217078 0.009602 0.238297 0.006173 0.237719 0.000000
0 0.000386 0.336534 0.001029 0.459991 0.132202 0.462277 0.134131 0.336534 0.098122 0.293096 0.100051 0.214220 0.064043 0.213077 0.060828 0.294239
0 0.139275 0.457705 0.139275 0.337677 0.175283 0.294239 0.174640 0.219936 0.211934 0.216507 0.208719 0.296525 0.247299 0.336534 0.241512 0.457705
0 0.250514 0.457705 0.252443 0.336534 0.252443 0.315958 0.271734 0.283951 0.273663 0.217650 0.318673 0.216507 0.320602 0.286237 0.354681 0.339963 0.354038 0.461134
0 0.359182 0.461134 0.359182 0.333105 0.382973 0.285094 0.386188 0.217650 0.427984 0.218793 0.428627 0.285094 0.462706 0.334248 0.463349 0.458848
0 0.469779 0.454275 0.469136 0.327389 0.491641 0.290809 0.492284 0.222222 0.536008 0.219936 0.539223 0.291952 0.570087 0.329675 0.572016 0.455418
0 0.578447 0.459991 0.576517 0.321674 0.604810 0.290809 0.604810 0.221079 0.645962 0.216507 0.649820 0.289666 0.678755 0.329675 0.683899 0.461134
0 0.690329 0.463420 0.684542 0.325103 0.713477 0.287380 0.714763 0.217650 0.761703 0.219936 0.760417 0.293096 0.787423 0.330818 0.787423 0.463420
0 0.793210 0.467993 0.790638 0.311385 0.833076 0.275949 0.835648 0.225652 0.874228 0.223365 0.876800 0.285094 0.917953 0.350251 0.928241 0.470279
0 0.934028 0.466850 0.998328 0.471422 0.998971 0.333105 0.973894 0.306813 0.975180 0.217650 0.945602 0.214220 0.941101 0.298811 0.926312 0.314815 0.926955 0.347965 0.922454 0.350251