2 0.001672 0.005030 0.001029 0.139918 0.044753 0.136488 0.044753 0.165066 0.273020 0.170782 0.274949 0.129630 0.361754 0.137631 0.362397 0.000457 0.008102 0.003887
2 0.434414 0.000457 0.433128 0.086191 0.445345 0.093050 0.519933 0.096479 0.522505 0.070187 0.582305 0.059899 0.636317 0.065615 0.808642 0.067901 0.807999 0.002743
2 0.867798 0.002743 0.869727 0.134202 0.943030 0.134202 0.941101 0.026749 0.894162 0.037037 0.891005 -0.000000
3 0.491641 0.998400 0.487783 0.967535 0.494213 0.926383 0.511574 0.905807 0.545653 0.887517 0.577160 0.876086 0.636317 0.869227 0.693544 0.863512 0.761703 0.864655 0.865226 0.863512 0.912809 0.866941 0.935314 0.865798 0.998971 0.886374 0.998328 0.782350 0.967464 0.793781 0.921168 0.802926 0.649177 0.802926 0.629887 0.801783 0.471708 0.757202 0.449846 0.744627 0.438272 0.706904 0.444702 0.679470 0.460777 0.657750 0.486497 0.649749 0.624100 0.615455 0.921811 0.617741 0.964892 0.630316 0.998971 0.639460 0.998971 0.457705 0.000000 0.444017 0.000000 0.682899 0.067258 0.681756 0.092978 0.655464 0.127701 0.632602 0.168853 0.622314 0.200360 0.622314 0.276878 0.640604 0.328961 0.653178 0.346322 0.669182 0.357253 0.701189 0.351466 0.733196 0.338606 0.749200 0.318030 0.758345 0.228009 0.784636 0.176569 0.791495 0.125129 0.774348 0.083976 0.741198 0.065329 0.719479 0.064686 0.687471 0.000000 0.689749 0.000000 0.880658 0.053755 0.868084 0.075617 0.860082 0.140561 0.864655 0.198431 0.878372 0.253729 0.905807 0.305813 0.942387 0.345679 0.980110 0.359902 0.999074
1 0.429270 0.001600 0.366255 0.000457 0.364326 0.143347 0.276878 0.134202 0.275592 0.174211 0.042824 0.170782 0.041538 0.141061 0.001029 0.146776 0.001672 0.415409 0.008102 0.415409 0.006173 0.337677 0.029964 0.299954 0.030607 0.265661 0.057613 0.256516 0.057613 0.298811 0.078189 0.333105 0.099408 0.299954 0.100694 0.258802 0.127701 0.262231 0.124486 0.297668 0.146991 0.333105 0.166281 0.298811 0.167567 0.261088 0.195216 0.255373 0.195216 0.296525 0.217078 0.330818 0.237654 0.298811 0.240869 0.263374 0.262731 0.261088 0.262731 0.302241 0.285237 0.333105 0.285237 0.410837 0.263374 0.423411 0.013246 0.422268 0.001029 0.423411 0.001672 0.437128 0.310957 0.441701 0.312886 0.326246 0.348894 0.266804 0.349537 0.207362 0.388117 0.206219 0.388117 0.262231 0.427984 0.320530 0.459491 0.270233 0.457562 0.218793 0.466564 0.197074 0.496785 0.200503 0.498071 0.272519 0.531507 0.314815 0.556584 0.258802 0.558513 0.198217 0.606739 0.197074 0.608025 0.264518 0.635674 0.314815 0.663966 0.267947 0.668467 0.195930 0.716049 0.198217 0.718621 0.272519 0.752701 0.323960 0.793210 0.266804 0.793853 0.200503 0.837577 0.199360 0.839506 0.264518 0.889017 0.333105 0.934028 0.263374 0.930813 0.203932 0.968750 0.203932 0.974537 0.264518 0.999479 0.308859 0.999479 0.002743 0.894805 0.000457 0.898663 0.026749 0.944959 0.022176 0.946888 0.138775 0.867798 0.138775 0.863297 0.001600 0.811857 0.001600 0.811214 0.073617 0.634388 0.070187 0.581662 0.066758 0.525077 0.073617 0.523791 0.099909 0.442773 0.098765 0.430556 0.090764
0 0.010031 0.414266 0.008745 0.337677 0.035751 0.302241 0.037037 0.270233 0.055041 0.266804 0.055041 0.304527 0.074331 0.334248 0.075617 0.414266
0 0.078189 0.413123 0.078832 0.338820 0.102623 0.299954 0.104552 0.264518 0.124486 0.265661 0.122557 0.301097 0.144419 0.337677 0.145705 0.414266
0 0.146991 0.414266 0.148277 0.341107 0.169496 0.301097 0.171425 0.270233 0.192001 0.264518 0.192001 0.299954 0.213863 0.331962 0.213220 0.415409
0 0.216435 0.417695 0.217721 0.336534 0.238940 0.304527 0.243441 0.269090 0.260159 0.265661 0.260802 0.304527 0.282665 0.337677 0.284594 0.405121 0.273663 0.415409
0 0.418338 0.445130 0.316101 0.443987 0.315458 0.330818 0.350823 0.272519 0.352109 0.214220 0.385545 0.211934 0.384902 0.265661 0.420267 0.321674
0 0.425412 0.443987 0.426055 0.331962 0.462063 0.273663 0.462706 0.224508 0.470422 0.203932 0.494856 0.206219 0.495499 0.274806 0.526363 0.322817 0.529578 0.445130
0 0.536651 0.443987 0.534722 0.322817 0.560442 0.263374 0.561728 0.209648 0.604810 0.203932 0.604810 0.264518 0.638246 0.326246 0.638889 0.441701
0 0.645962 0.442844 0.645319 0.313672 0.669753 0.263374 0.672325 0.207362 0.712834 0.205075 0.714120 0.272519 0.751415 0.331962 0.750129 0.446273
0 0.755273 0.446273 0.753987 0.328532 0.797068 0.272519 0.798997 0.208505 0.835005 0.206219 0.835005 0.263374 0.883873 0.335391 0.883230 0.446273
0 0.890947 0.447417 0.890947 0.341107 0.938529 0.266804 0.935314 0.213077 0.967464 0.208505 0.971965 0.270233 0.997685 0.317101 0.998328 0.448560