2 0.070011 0.001046 0.000000 0.000000 0.001186 0.997818 0.087709 0.996681 0.092297 0.956901 0.079843 0.961448 0.081809 0.401118 0.107373 0.394299 0.100818 0.252228 0.096885 0.227223 0.080498 0.221540 0.080498 0.005592
0 0.878207 0.089698 0.817248 0.178351 0.788407 0.180624 0.788407 0.234043 0.821181 0.231769 0.878862 0.321558 0.972595 0.315876 0.970628 0.090835
0 0.973250 0.361338 0.870997 0.362475 0.819214 0.434079 0.787752 0.439762 0.789063 0.496590 0.820525 0.494317 0.871652 0.565921 0.973906 0.563648
0 0.970628 0.589789 0.884106 0.590926 0.848055 0.665939 0.789718 0.664803 0.790374 0.719358 0.842811 0.717085 0.885417 0.794372 0.973250 0.793235
0 0.591766 0.089698 0.684187 0.088562 0.732037 0.177214 0.754323 0.174941 0.755634 0.236316 0.728104 0.236316 0.680910 0.324968 0.592421 0.323832
0 0.593077 0.364748 0.694675 0.362475 0.730726 0.432942 0.754323 0.432942 0.756289 0.489771 0.729415 0.494317 0.692053 0.568194 0.593732 0.568194
0 0.595043 0.595472 0.678288 0.594335 0.707129 0.661393 0.756289 0.669349 0.756945 0.711402 0.707129 0.726177 0.677633 0.790962 0.602254 0.798918
0 0.163743 0.054464 0.121138 0.157892 0.094263 0.177214 0.097541 0.219267 0.104095 0.248818 0.143424 0.253364 0.191929 0.354519 0.293527 0.349973 0.288283 0.054464
0 0.297459 0.421577 0.173575 0.424986 0.133592 0.493181 0.130970 0.536370 0.104751 0.535234 0.102129 0.597745 0.164399 0.694354 0.296804 0.693217
0 0.298115 0.765957 0.165054 0.772777 0.128348 0.878478 0.100163 0.895526 0.099507 0.954628 0.136869 0.995545 0.301392 0.996681
1 0.588489 0.002182 0.589144 0.090835 0.590455 0.328378 0.590455 0.365885 0.591766 0.576150 0.591766 0.601155 0.599632 0.804601 0.680255 0.796645 0.885417 0.802328 0.975872 0.798918 0.973906 0.584106 0.977839 0.568194 0.977183 0.356792 0.975217 0.314739 0.973906 0.081742 0.973906 0.002182 0.999384 0.000078 0.999384 0.998932 0.305325 0.997818 0.300737 0.759138 0.162432 0.768231 0.125070 0.872795 0.097541 0.890980 0.096885 0.962584 0.132281 0.996681 0.090330 0.997818 0.094919 0.946672 0.083120 0.952355 0.084431 0.406801 0.109995 0.396572 0.104751 0.257911 0.138835 0.257911 0.190618 0.361338 0.289594 0.354519 0.296148 0.414757 0.172264 0.419304 0.129003 0.492044 0.127692 0.531824 0.102784 0.529551 0.098852 0.601155 0.161777 0.698900 0.298770 0.698900 0.301392 0.423850 0.296804 0.347700 0.290905 0.047645 0.161777 0.048782 0.119171 0.153346 0.090330 0.174941 0.093608 0.218131 0.083120 0.215857 0.083772 0.000000
1 0.592421 0.002182 0.595043 0.084015 0.686809 0.082879 0.733348 0.170395 0.758256 0.169258 0.758911 0.240862 0.730726 0.243135 0.682221 0.331788 0.595699 0.328378 0.595699 0.359065 0.696641 0.359065 0.731381 0.427260 0.756289 0.427260 0.758911 0.494317 0.731381 0.501137 0.694019 0.573877 0.597665 0.575014 0.597010 0.588652 0.682221 0.588652 0.706473 0.653437 0.758911 0.664803 0.760222 0.718221 0.710406 0.730724 0.682876 0.789825 0.879518 0.793235 0.842811 0.723904 0.787752 0.723904 0.786441 0.660256 0.844778 0.660256 0.882140 0.586379 0.968006 0.581833 0.971939 0.569331 0.869686 0.570467 0.819870 0.501137 0.785785 0.503410 0.785785 0.431806 0.817248 0.430669 0.869030 0.355656 0.972595 0.354519 0.970628 0.322695 0.878207 0.326105 0.819214 0.239725 0.785130 0.239725 0.785785 0.176077 0.817248 0.171531 0.876896 0.084015 0.968662 0.084015 0.968662 0.000000