2 0.172264 0.001046 0.142113 0.014684 0.101473 0.043099 0.054935 0.095381 0.022817 0.152209 0.000000 0.220404 0.000531 0.002182
2 0.284350 0.001046 0.389225 0.193126 0.406268 0.162439 0.425932 0.194263 0.409545 0.223813 0.490823 0.370431 0.509177 0.340880 0.532774 0.378387 0.513765 0.410211 0.593732 0.551146 0.612086 0.520458 0.635683 0.561375 0.618640 0.593199 0.718927 0.773913 0.738592 0.740953 0.756945 0.776187 0.739902 0.808011 0.848055 0.997818 0.972031 0.998932 0.999384 0.940483 0.998814 0.897800 0.911636 0.737543 0.901148 0.744363 0.871652 0.695490 0.838879 0.738680 0.811349 0.688671 0.794307 0.718221 0.773331 0.682988 0.790374 0.650027 0.688776 0.476132 0.671733 0.502273 0.650758 0.467039 0.666490 0.429533 0.585867 0.289734 0.570135 0.314739 0.546538 0.274959 0.560959 0.248818 0.481647 0.107883 0.462638 0.136298 0.441008 0.097654 0.458050 0.072650 0.421389 -0.000000
0 0.012985 0.542053 0.053624 0.544326 0.053624 0.522731 0.089020 0.454537 0.167021 0.460220 0.183407 0.482951 0.182752 0.696627 0.131625 0.696627 0.085742 0.694354 0.064112 0.600018 0.012329 0.589789
0 0.182752 0.754592 0.099507 0.755728 0.066734 0.812557 0.064767 0.840971 0.008397 0.855746 0.007086 0.898936 0.065423 0.900073 0.091641 0.995545 0.211593 0.996681 0.208971 0.918258 0.208971 0.880751
0 0.267963 0.001046 0.250265 0.021504 0.213559 0.024914 0.174886 0.095381 0.258131 0.238589 0.270585 0.196536 0.292216 0.157892 0.293527 0.073786 0.305981 0.049918 0.279762 0.003319
0 0.406268 0.169258 0.389881 0.198809 0.317124 0.209038 0.279762 0.268140 0.353830 0.406801 0.389881 0.347700 0.393158 0.252228 0.421999 0.195399
0 0.509177 0.346563 0.490823 0.377250 0.428554 0.370431 0.382015 0.448854 0.431176 0.627296 0.503933 0.520458 0.496067 0.431806 0.526219 0.379524
0 0.612741 0.528414 0.593732 0.557965 0.521631 0.545463 0.441008 0.675032 0.533429 0.852337 0.608808 0.717085 0.599632 0.617067 0.629783 0.563648
0 0.737936 0.750045 0.720238 0.781869 0.637649 0.751182 0.548505 0.902346 0.600287 0.997818 0.689575 0.998932 0.730070 0.926214 0.722860 0.827332 0.752356 0.777323
0 0.857232 0.380660 0.785130 0.500000 0.790374 0.584106 0.810693 0.619340 0.777920 0.680715 0.794307 0.709129 0.812660 0.680715 0.831668 0.654574 0.887383 0.667076 0.950964 0.560238
0 0.726793 0.170395 0.659280 0.289734 0.670423 0.387480 0.660590 0.406801 0.671078 0.429533 0.655347 0.464766 0.670423 0.494317 0.689431 0.469313 0.703196 0.444308 0.753667 0.465903 0.827080 0.337470
0 0.630439 0.029460 0.573413 0.120386 0.564892 0.236316 0.564892 0.253364 0.551127 0.273823 0.569480 0.307920 0.586522 0.284052 0.648792 0.259047 0.707784 0.148800
0 0.460016 0.002182 0.456739 0.011275 0.467226 0.038552 0.462638 0.071513 0.445596 0.097654 0.461983 0.127205 0.482958 0.099927 0.550471 0.104474 0.611430 0.007865 0.607902 -0.000000
1 0.999384 0.000000 0.614052 0.001046 0.617985 0.010138 0.551127 0.112430 0.488857 0.104474 0.485580 0.109020 0.559648 0.239725 0.570791 0.116976 0.631750 0.021504 0.712373 0.148800 0.650758 0.263593 0.591110 0.288598 0.656002 0.403392 0.665834 0.386343 0.656002 0.287461 0.727449 0.163575 0.831013 0.337470 0.753667 0.471586 0.703852 0.452264 0.693364 0.471586 0.791685 0.645481 0.805450 0.620476 0.787096 0.585243 0.782508 0.495454 0.857887 0.371568 0.954897 0.561375 0.888694 0.673895 0.832979 0.661393 0.818559 0.680715 0.816593 0.690944 0.840190 0.731860 0.871652 0.688671 0.900493 0.735270 0.911636 0.730724 0.999384 0.888470
1 0.735314 0.812557 0.726793 0.828469 0.733348 0.930760 0.695966 0.998932 0.843467 0.998932
1 0.595699 0.996681 0.214870 0.997818 0.212248 0.913712 0.212904 0.877341 0.184718 0.750045 0.097541 0.751182 0.063456 0.809147 0.062145 0.835288 0.005775 0.853473 0.005119 0.902346 0.062145 0.905756 0.087702 0.998932 0.000000 0.998932 0.000000 0.588652 0.011018 0.594335 0.060179 0.605701 0.082465 0.700036 0.131625 0.704583 0.186029 0.702310 0.186685 0.478405 0.168332 0.452264 0.087709 0.447718 0.051002 0.518185 0.050347 0.538643 0.011018 0.536370 0.009052 0.586379 0.000531 0.581833 0.000531 0.227223 0.025439 0.156756 0.057557 0.098791 0.104751 0.048782 0.140802 0.020367 0.174231 0.006728 0.262719 0.001046 0.248955 0.012411 0.211593 0.020367 0.170298 0.093108 0.259442 0.247681 0.272551 0.201082 0.296148 0.161302 0.297459 0.078332 0.307947 0.056738 0.385293 0.195399 0.313846 0.204492 0.275173 0.265867 0.354485 0.414757 0.393814 0.348836 0.396436 0.252228 0.408890 0.234043 0.486891 0.372704 0.427898 0.364748 0.376771 0.447718 0.429209 0.638662 0.507210 0.523868 0.500000 0.434079 0.510488 0.417030 0.589144 0.551146 0.519664 0.539780 0.436419 0.675032 0.534085 0.860293 0.611430 0.719358 0.604220 0.619340 0.616018 0.598882 0.714339 0.773913 0.635683 0.744363 0.545228 0.902346