2 0.998814 0.610247 0.902459 0.482951 0.670433 0.998932 0.823803 0.998932 0.976528 0.656847 0.982427 0.660256 0.999384 0.619963
2 0.000000 0.397709 0.047725 0.384070 0.058868 0.398845 0.059523 0.434079 0.142113 0.414757 0.142113 0.394299 0.151289 0.392026 0.147356 0.335197 0.176197 0.331788 0.182752 0.407938 0.264030 0.392026 0.315157 0.315876 0.322367 0.312466 0.319745 0.282915 0.344653 0.278369 0.346620 0.317012 0.405612 0.361338 0.429865 0.335197 0.447562 0.381797 0.429209 0.404528 0.436419 0.523868 0.458050 0.542053 0.451495 0.573877 0.429209 0.559102 0.373494 0.635252 0.373494 0.676168 0.348586 0.682988 0.344653 0.643208 0.293527 0.605701 0.241744 0.618203 0.236501 0.611384 0.113272 0.644344 0.111306 0.596608 0.081809 0.603428 0.000000 0.789825
0 0.161121 0.635252 0.153256 0.689807 0.080498 0.754592 0.054935 0.946672 0.197828 0.954628 0.218803 0.798918 0.178164 0.711402 0.188651 0.644344
0 0.296148 0.611384 0.295493 0.656847 0.243711 0.754592 0.250921 0.947809 0.382015 0.927350 0.376116 0.737543 0.326300 0.662530 0.320401 0.630706
0 0.422654 0.573877 0.426587 0.610247 0.385948 0.695490 0.402990 0.895526 0.495412 0.682988 0.450184 0.611384 0.448873 0.579560 0.431176 0.564785
0 0.593077 0.068103 0.502622 0.170395 0.482302 0.299964 0.486891 0.317012 0.456739 0.364748 0.475092 0.420440 0.516387 0.389753 0.596354 0.459083 0.662557 0.302237
0 0.369561 0.094244 0.350553 0.170395 0.375460 0.267003 0.383982 0.284052 0.372839 0.332924 0.401024 0.353382 0.422654 0.297690 0.475748 0.255637 0.517698 0.063557
0 0.324989 0.107883 0.340065 0.243135 0.299426 0.307920 0.300081 0.330651 0.274518 0.368158 0.263375 0.318149 0.211593 0.265867 0.199139 0.140844
0 0.155222 0.152209 0.165710 0.276096 0.121793 0.359065 0.123760 0.413621 0.095574 0.420440 0.091641 0.387480 0.037893 0.315876 0.025439 0.181760
1 0.000531 0.001046 0.000531 0.392026 0.049691 0.378387 0.061490 0.395436 0.062145 0.427260 0.091641 0.420440 0.089020 0.393162 0.034615 0.318149 0.022817 0.178351 0.157189 0.146527 0.168987 0.280642 0.127037 0.359065 0.129003 0.409074 0.138180 0.407938 0.139491 0.388616 0.147356 0.387480 0.145390 0.331788 0.178819 0.327241 0.184718 0.402255 0.262719 0.386343 0.271241 0.370431 0.260753 0.321558 0.208315 0.269276 0.195206 0.137434 0.328267 0.102200 0.342687 0.247681 0.323678 0.277232 0.347931 0.270413 0.349897 0.312466 0.369561 0.328378 0.379393 0.286325 0.371528 0.267003 0.346620 0.169258 0.368250 0.089698 0.520975 0.059011 0.476403 0.263593 0.425276 0.302237 0.406268 0.349973 0.407579 0.351109 0.431176 0.329514 0.449529 0.373841 0.454772 0.361338 0.482302 0.314739 0.478369 0.302237 0.501311 0.164712 0.594388 0.062420 0.665834 0.302237 0.598321 0.464766 0.517042 0.396572 0.473126 0.426123 0.456083 0.372704 0.450184 0.386343 0.433797 0.407938 0.439697 0.520458 0.462638 0.539780 0.454117 0.579560 0.454772 0.609111 0.500000 0.681851 0.401024 0.905756 0.382671 0.690944 0.422654 0.612520 0.420688 0.579560 0.377427 0.635252 0.376771 0.681851 0.346620 0.688671 0.342031 0.648891 0.323678 0.632979 0.328922 0.660256 0.378738 0.738680 0.383982 0.934170 0.247644 0.952355 0.239778 0.751182 0.290249 0.657983 0.292216 0.615930 0.239778 0.625023 0.233879 0.620476 0.168987 0.632979 0.193239 0.639798 0.181441 0.709129 0.223391 0.801191 0.199139 0.960311 0.051658 0.950082 0.078532 0.747772 0.149978 0.685261 0.156533 0.637525 0.109995 0.650027 0.108028 0.602291 0.083120 0.610247 0.000531 0.797781 0.000000 0.998932 0.664468 0.998932 0.901804 0.474995 0.999384 0.603279 0.999384 0.000000
1 0.999384 0.632979 0.985049 0.665939 0.975872 0.665939 0.826943 0.998932 0.999384 0.998932