0 0.100694 0.001600 0.076903 0.077046 0.107124 0.161637 0.100051 0.200503 0.118699 0.217650 0.130916 0.184499 0.188143 0.187929 0.219650 0.094193 0.193930 0.001600
1 0.026106 0.001600 0.142490 0.390261 0.164352 0.427984 0.183642 0.440558 0.867798 0.454275 0.871656 0.472565 0.872942 0.543439 0.870370 0.604024 0.834362 0.614312 0.778421 0.615455 0.789352 0.647462 0.835648 0.646319 0.881944 0.761774 0.881944 0.864655 0.308385 0.894376 0.265303 0.782350 0.282665 0.694330 0.258873 0.623457 0.280093 0.602881 0.220936 0.605167 0.217721 0.850937 0.292779 0.999074 0.955247 0.994970 0.955890 0.957247 0.948174 0.958390 0.949460 0.893233 0.942387 0.634888 0.923740 0.153635 0.872299 0.066758 0.830504 0.003887 0.199717 0.002743 0.224794 0.091907 0.337963 0.135345 0.499357 0.147920 0.646605 0.149063 0.820216 0.178784 0.851723 0.263374 0.824074 0.367398 0.838220 0.400549 0.814429 0.422268 0.800283 0.395976 0.734697 0.395976 0.689686 0.279378 0.665895 0.365112 0.678755 0.394833 0.656250 0.425697 0.644033 0.393690 0.582948 0.395976 0.537937 0.273663 0.512217 0.365112 0.525720 0.395976 0.501929 0.425697 0.491641 0.392547 0.426055 0.397119 0.381687 0.271376 0.357896 0.363969 0.369470 0.397119 0.341178 0.418839 0.330890 0.386831 0.268519 0.387974 0.227366 0.266804 0.334105 0.139918 0.221579 0.098765 0.188786 0.195930 0.131559 0.191358 0.118699 0.227938 0.094264 0.202789 0.103266 0.159351 0.071759 0.074760 0.097493 0.000000
0 0.336034 0.144490 0.232510 0.267947 0.271091 0.384545 0.334105 0.377686 0.345679 0.403978 0.361754 0.393690 0.354038 0.367398 0.379115 0.261088
0 0.339892 0.143347 0.429913 0.389118 0.490998 0.385688 0.502572 0.414266 0.519933 0.397119 0.509645 0.362826 0.536008 0.262231 0.496785 0.152492
0 0.500643 0.153635 0.585520 0.386831 0.645319 0.385688 0.654964 0.414266 0.672968 0.394833 0.662037 0.363969 0.689686 0.264518 0.648534 0.155921
0 0.651749 0.154778 0.739198 0.387974 0.802212 0.387974 0.814429 0.414266 0.830504 0.397119 0.820216 0.367398 0.846579 0.265661 0.817644 0.184499
0 0.280093 0.612026 0.265303 0.628029 0.288452 0.695473 0.270448 0.780064 0.310957 0.888660 0.457562 0.880658 0.372685 0.649749 0.326389 0.648605 0.310314 0.612026
0 0.415123 0.633745 0.421553 0.652035 0.378472 0.650892 0.460134 0.877229 0.597094 0.873800 0.530864 0.653178 0.478138 0.655464 0.460777 0.616598 0.435700 0.614312
0 0.581662 0.616598 0.566229 0.631459 0.572659 0.649749 0.535365 0.653178 0.600309 0.873800 0.749486 0.864655 0.760417 0.861225 0.687757 0.656607 0.633102 0.656607 0.613812 0.615455
0 0.743699 0.618884 0.727623 0.634888 0.732767 0.654321 0.692901 0.655464 0.764918 0.862369 0.879372 0.856653 0.878729 0.764060 0.833076 0.654321 0.786137 0.654321 0.774563 0.620027
3 0.834362 0.000457 0.874871 0.063329 0.926955 0.151349 0.939172 0.171925 0.949460 0.481710 0.962963 0.884088 0.961034 0.911523 0.952032 0.926383 0.951389 0.948102 0.959105 0.949246 0.959748 0.991541 0.999479 0.997237 0.999479 0.000457