3 0.886445 0.685185 0.997042 0.673754 0.999479 0.688917 0.983539 0.708048 0.968750 0.736626 0.937243 0.857796 0.902521 0.980110 0.897187 0.999074 0.840792 0.999074 0.870370 0.940101 0.900592 0.837220 0.919882 0.727481 0.921168 0.688615 0.913452 0.684042
0 0.827932 0.680613 0.827932 0.757202 0.788709 0.830361 0.788709 0.876086 0.771348 0.878372 0.770062 0.829218 0.734053 0.764060 0.734053 0.677183
0 0.730838 0.677183 0.730838 0.759488 0.693544 0.826932 0.693544 0.876086 0.673611 0.878372 0.674897 0.825789 0.630530 0.749200 0.632459 0.684042 0.641461 0.671468
0 0.617670 0.676040 0.618956 0.749200 0.574588 0.825789 0.573945 0.873800 0.555298 0.874943 0.554012 0.821216 0.518647 0.760631 0.519290 0.676040
0 0.516075 0.676040 0.516075 0.752629 0.477495 0.821216 0.478781 0.877229 0.460777 0.873800 0.460777 0.823503 0.422840 0.753772 0.424769 0.672611
0 0.421553 0.673754 0.419624 0.758345 0.383616 0.818930 0.382973 0.872657 0.363683 0.873800 0.363040 0.822359 0.328318 0.757202 0.329604 0.671468
0 0.325746 0.671468 0.325103 0.758345 0.288452 0.818930 0.287166 0.873800 0.269162 0.874943 0.268519 0.822359 0.232510 0.756059 0.234439 0.670325
0 0.231224 0.670325 0.229295 0.756059 0.190715 0.821216 0.192001 0.872657 0.172068 0.872657 0.173354 0.821216 0.138632 0.756059 0.139275 0.668038
0 0.134774 0.670325 0.135417 0.767490 0.104552 0.816644 0.104552 0.871513 0.085905 0.866941 0.086548 0.820073 0.057613 0.764060 0.055684 0.700046 0.087191 0.680613 0.123200 0.671468
0 0.665252 0.248514 0.665252 0.297668 0.622814 0.378829 0.620885 0.448560 0.718621 0.447417 0.718621 0.368541 0.683256 0.303384 0.682613 0.249657
0 0.721836 0.368541 0.724408 0.449703 0.815715 0.456561 0.814429 0.376543 0.777778 0.303384 0.775849 0.251943 0.759131 0.251943 0.759131 0.302241
0 0.817001 0.301097 0.817001 0.319387 0.822145 0.341107 0.841435 0.339963 0.876157 0.422268 0.931456 0.424554 0.930170 0.226795 0.873585 0.225652 0.843364 0.301097
0 0.818930 0.133059 0.842078 0.135345 0.876157 0.218793 0.931456 0.218793 0.930170 0.017604 0.885802 0.014175 0.869727 0.026749 0.844650 0.098765 0.817001 0.098765
1 0.997685 0.003887 0.866512 0.003887 0.497428 0.369684 0.508359 0.406264 0.514146 0.419982 0.514146 0.533150 0.125772 0.526292 0.058256 0.551440 0.056970 0.692044 0.087191 0.674897 0.122557 0.663466 0.139275 0.662323 0.235082 0.665752 0.327032 0.666895 0.422197 0.668038 0.518004 0.669182 0.617670 0.670325 0.630530 0.678326 0.640175 0.666895 0.731481 0.670325 0.832433 0.677183 0.832433 0.761774 0.791281 0.832647 0.791281 0.881802 0.768776 0.884088 0.766204 0.831504 0.732767 0.768633 0.698045 0.829218 0.696759 0.881802 0.672325 0.884088 0.671682 0.828075 0.629887 0.754915 0.627958 0.684042 0.622814 0.679470 0.622171 0.749200 0.579733 0.826932 0.579090 0.879515 0.552083 0.880658 0.549511 0.824646 0.516075 0.764060 0.481353 0.823503 0.480710 0.882945 0.456276 0.881802 0.456919 0.824646 0.422840 0.762917 0.388117 0.822359 0.386831 0.877229 0.361754 0.878372 0.359182 0.825789 0.327675 0.765203 0.294239 0.817787 0.292310 0.879515 0.265303 0.880658 0.264660 0.823503 0.231224 0.761774 0.194573 0.823503 0.193287 0.880658 0.167567 0.877229 0.170139 0.823503 0.139918 0.766347 0.108410 0.818930 0.108410 0.876086 0.082047 0.871513 0.083333 0.823503 0.056327 0.770919 0.053755 0.733196 0.000000 0.784914 0.000000 0.999074 0.836291 0.999074 0.867155 0.933242 0.890303 0.858939 0.905093 0.799497 0.916024 0.730910 0.916667 0.695473 0.882587 0.694330 0.883230 0.678326 0.998971 0.666895 0.997685 0.429127 0.933385 0.427984 0.875514 0.426840 0.840792 0.346822 0.818930 0.347965 0.813143 0.321674 0.813143 0.297668 0.780993 0.298811 0.817001 0.375400 0.818930 0.458848 0.720550 0.455418 0.616384 0.455418 0.618956 0.375400 0.660751 0.293096 0.662037 0.245085 0.685828 0.243941 0.686471 0.299954 0.720550 0.362826 0.753987 0.302241 0.755916 0.246228 0.779064 0.245085 0.780350 0.293096 0.813143 0.290809 0.841435 0.293096 0.871656 0.218793 0.842078 0.141061 0.817644 0.137631 0.813786 0.094193 0.842078 0.094193 0.867798 0.023320 0.883873 0.009602 0.933385 0.013032 0.934028 0.419982 0.999479 0.419982