2 0.000386 0.000457 0.177855 0.000457 0.175926 0.021033 0.243441 0.035894 0.307742 0.072474 0.349537 0.101052 0.324460 0.224508 0.334748 0.232510 0.328961 0.251943 0.312243 0.254230 0.236368 0.203932 0.155350 0.177641 0.116770 0.170782 0.047968 0.175354 -0.000000 0.191754
2 0.001029 0.234797 0.074331 0.214220 0.148277 0.217650 0.232510 0.243941 0.283308 0.271376 0.305170 0.286237 0.226723 0.532007 0.209362 0.578875 0.182356 0.606310 0.157279 0.612026 0.029964 0.614312 0.008102 0.596022 -0.000000 0.593141
2 0.002315 0.682899 0.139275 0.682899 0.139275 0.670325 0.173354 0.639460 0.179784 0.634888 0.188143 0.665752 0.189429 0.686328 0.249228 0.682899 0.247299 0.629172 0.249228 0.610882 0.265947 0.583448 0.323174 0.487426 0.318673 0.478281 0.328961 0.463420 0.329604 0.446273 0.337320 0.427984 0.347608 0.425697 0.349537 0.418839 0.845936 0.410837 0.855581 0.425697 0.857510 0.519433 0.849794 0.532007 0.720550 0.533150 0.722479 0.614312 0.710905 0.631459 0.708976 0.536580 0.348251 0.540009 0.350180 0.504572 0.337320 0.506859 0.282665 0.608596 0.294239 0.616598 0.293596 0.853224 0.307099 0.892090 0.313529 0.940101 0.306456 0.985825 0.304527 0.997257 0.000000 0.998399
0 0.454990 0.573160 0.398405 0.575446 0.388117 0.612026 0.390689 0.816644 0.474280 0.815501 0.472994 0.640604 0.460777 0.639460 0.453704 0.624600
0 0.498071 0.575446 0.494213 0.646319 0.478781 0.642890 0.479424 0.813214 0.598380 0.812071 0.591950 0.641747 0.575231 0.633745 0.570730 0.622314 0.568158 0.568587
0 0.615098 0.572016 0.605453 0.639460 0.595808 0.642890 0.602238 0.810928 0.703832 0.812071 0.699974 0.637174 0.680684 0.624600 0.678112 0.567444
0 0.727623 0.567444 0.729552 0.615455 0.704475 0.639460 0.707047 0.810928 0.845293 0.805213 0.843364 0.621171 0.807356 0.597165 0.806070 0.566301
0 0.495711 0.001089 0.477328 0.057734 0.507966 0.087146 0.490196 0.132898 0.535539 0.189542 0.546569 0.163399 0.569240 0.189542 0.620098 0.049020 0.574479 0.001852
0 0.615625 0.180556 0.618750 0.316667 0.647917 0.320370 0.651042 0.371296 0.709375 0.369444 0.708854 0.318519 0.727604 0.319444 0.725000 0.179630
0 0.727083 0.179630 0.731250 0.318519 0.748958 0.337037 0.751563 0.375000 0.806771 0.374074 0.806250 0.329630 0.828646 0.329630 0.827604 0.176852
1 0.842525 0.145969 0.843750 0.362745 0.849265 0.367102 0.860294 0.368192 0.905637 0.332244 0.906863 0.355120 0.879902 0.377996 0.874387 0.405229 0.874387 0.525054 0.867647 0.557734 0.842525 0.565359 0.843137 0.611111 0.811887 0.592593 0.808824 0.558824 0.727328 0.558824 0.726103 0.540305 0.852328 0.538126 0.860907 0.518519 0.859069 0.419390 0.845588 0.404139 0.348652 0.409586 0.344363 0.420479 0.335784 0.419390 0.326593 0.441176 0.325980 0.458606 0.314951 0.473856 0.318015 0.485839 0.261642 0.581699 0.243873 0.608932 0.242034 0.629630 0.244485 0.676471 0.191789 0.678649 0.190564 0.661220 0.180760 0.627451 0.136029 0.666667 0.135417 0.677560 0.000613 0.677560 0.000000 0.601307 0.007966 0.604575 0.028186 0.619826 0.157475 0.618736 0.186275 0.611111 0.212010 0.584967 0.231005 0.533769 0.308824 0.283224 0.283088 0.262527 0.232230 0.236383 0.148284 0.210240 0.073529 0.206972 0.001838 0.198257 0.050245 0.184096 0.115196 0.176471 0.155025 0.185185 0.234681 0.210240 0.313113 0.260349 0.332108 0.255991 0.340074 0.229847 0.329657 0.220044 0.354167 0.095861 0.309436 0.066449 0.243873 0.029412 0.180760 0.015251 0.183824 0.000000 0.490809 0.001089 0.473039 0.059913 0.503676 0.089325 0.487132 0.135076 0.537990 0.197168 0.548407 0.172113 0.569853 0.198257 0.622549 0.052288 0.612745 0.176471 0.614583 0.322440 0.643382 0.326797 0.647672 0.373638 0.712623 0.376906 0.712010 0.325708 0.729167 0.325708 0.744485 0.339869 0.747549 0.382353 0.810662 0.380174 0.810662 0.336601 0.831495 0.334423 0.830270 0.168845 0.726716 0.172113 0.618873 0.174292 0.626225 0.049020 0.580882 0.001089 0.992034 0.000000
1 0.847426 0.147059 0.993260 0.003268 0.993873 0.942266 0.318015 0.941176 0.310662 0.887800 0.299632 0.851852 0.297794 0.611111 0.288603 0.605664 0.338848 0.513072 0.346201 0.511983 0.344363 0.546841 0.704657 0.541394 0.706495 0.627451 0.702819 0.629630 0.685662 0.620915 0.682598 0.562092 0.612745 0.567538 0.602941 0.632898 0.593137 0.633987 0.579044 0.628540 0.574755 0.618736 0.571691 0.564270 0.495098 0.569717 0.491422 0.636166 0.479167 0.637255 0.463235 0.635076 0.458946 0.623094 0.458946 0.568627 0.395833 0.570806 0.384191 0.608932 0.386642 0.822440 0.477941 0.819172 0.601103 0.816993 0.706495 0.816993 0.845588 0.813725 0.846814 0.837691 0.856005 0.844227 0.877451 0.834423 0.896446 0.818083 0.909314 0.771242 0.913603 0.699346 0.916054 0.593682 0.917279 0.465142 0.914828 0.395425 0.909926 0.361656 0.908701 0.327887 0.898284 0.314815