2 0.485854 0.319387 0.489069 0.395976 0.507716 0.393690 0.504501 0.530864 0.492284 0.530864 0.489069 0.607453 0.395833 0.602881 0.395190 0.562872 0.333462 0.557156 0.330247 0.600594 0.236368 0.593736 0.240226 0.548011 0.163066 0.554870 0.163709 0.589163 0.109053 0.685185 0.099408 0.685185 0.099408 0.894376 0.081404 0.898948 0.080118 0.993827 0.079135 0.999074 0.000386 0.999074 0.000386 0.387974 0.013889 0.375400 0.183642 0.362826 0.180427 0.390261 0.239583 0.389118 0.242798 0.352538 0.330890 0.338820 0.336677 0.373114 0.392618 0.362826 0.394547 0.331962
0 0.051183 0.078189 0.054398 0.184499 0.076903 0.205075 0.077546 0.227938 0.092978 0.230224 0.092335 0.281664 0.117413 0.281664 0.119342 0.225652 0.130916 0.223365 0.130273 0.197074 0.148920 0.174211 0.149563 0.038180 0.111626 0.017604 0.080761 0.034751 0.071759 0.062186
0 0.294882 0.098765 0.273663 0.153635 0.283951 0.190215 0.280093 0.210791 0.291024 0.234797 0.271734 0.296525 0.289738 0.317101 0.307742 0.271376 0.325103 0.259945 0.334748 0.238226 0.357253 0.237083 0.399691 0.117055 0.408693 0.088477
0 0.423483 0.082762 0.404835 0.111340 0.408050 0.159351 0.395833 0.181070 0.404192 0.206219 0.380401 0.247371 0.394547 0.277092 0.419624 0.237083 0.431842 0.258802 0.442130 0.241655 0.476209 0.259945 0.573302 0.085048 0.431199 0.082762
0 0.536651 0.296525 0.551440 0.329675 0.568158 0.309099 0.578447 0.323960 0.611883 0.287380 0.635674 0.305670 0.690329 0.235940 0.686471 0.139918 0.629887 0.072474 0.595808 0.083905 0.582948 0.134202 0.548225 0.179927 0.550797 0.215364 0.494213 0.234797 0.497428 0.285094 0.528292 0.281664
0 0.594522 0.368541 0.559156 0.363969 0.557870 0.407407 0.592593 0.408551 0.591307 0.433699 0.604167 0.438272 0.616384 0.477138 0.688400 0.496571 0.686471 0.323960 0.624743 0.309099 0.613812 0.344536 0.597094 0.342250
0 0.658822 0.493141 0.620242 0.533150 0.599023 0.514861 0.587449 0.543439 0.540509 0.505716 0.525720 0.543439 0.537937 0.558299 0.527649 0.590306 0.565586 0.615455 0.561728 0.632602 0.582948 0.655464 0.583591 0.733196 0.695473 0.848651 0.690329 0.514861
0 0.590664 0.870370 0.590664 0.762917 0.562371 0.737769 0.561085 0.712620 0.544367 0.709191 0.544367 0.636031 0.519933 0.631459 0.523791 0.710334 0.505787 0.711477 0.506430 0.742341 0.479424 0.773205 0.478781 0.880658
0 0.458848 0.879515 0.478781 0.752629 0.462063 0.726337 0.463349 0.696616 0.449846 0.689758 0.458205 0.631459 0.436986 0.622314 0.426698 0.674897 0.413194 0.664609 0.405478 0.698903 0.383616 0.709191 0.358539 0.901235 0.406121 0.900091 0.430556 0.897805
0 0.372042 0.768633 0.363040 0.702332 0.342464 0.693187 0.336677 0.664609 0.318673 0.671468 0.309671 0.612026 0.285237 0.618884 0.292953 0.661180 0.294882 0.682899 0.284594 0.694330 0.289095 0.720622 0.273020 0.749200 0.278807 0.792638 0.310957 0.888660 0.326389 0.901235 0.354038 0.900091
0 0.246656 0.775492 0.217078 0.749200 0.197788 0.770919 0.182999 0.758345 0.175926 0.777778 0.144419 0.752629 0.130916 0.789209 0.162423 0.818930 0.155993 0.841792 0.170139 0.855510 0.172068 0.905807 0.280154 0.999074 0.287809 0.997257 0.283308 0.882945
1 0.890947 0.996113 0.863940 0.662323 0.859439 0.135345 0.867155 0.001600 -0.000000 0.000461 0.000000 0.379973 0.012603 0.370828 0.185571 0.358253 0.184928 0.384545 0.234439 0.383402 0.238940 0.345679 0.334748 0.333105 0.339892 0.365112 0.388760 0.357110 0.390689 0.326246 0.489712 0.314815 0.492927 0.387974 0.510931 0.389118 0.508359 0.534294 0.496142 0.535437 0.491641 0.614312 0.393261 0.608596 0.391975 0.569730 0.336034 0.564015 0.334105 0.607453 0.233796 0.598308 0.236368 0.554870 0.167567 0.559442 0.168853 0.592593 0.110983 0.693187 0.101980 0.693187 0.102623 0.900091 0.085262 0.902378 0.083997 0.999074 0.272377 0.999074 0.167567 0.906950 0.164995 0.862369 0.150206 0.844079 0.157279 0.821216 0.125129 0.791495 0.142490 0.745770 0.174640 0.769776 0.179784 0.752629 0.197145 0.761774 0.215792 0.742341 0.246013 0.767490 0.289095 0.878372 0.289729 0.999074 0.705118 0.998400 0.698688 0.860082 0.579090 0.734339 0.578447 0.658893 0.561085 0.640604 0.548868 0.637174 0.548225 0.702332 0.564300 0.705761 0.566872 0.734339 0.594522 0.761774 0.593879 0.877229 0.476852 0.886374 0.476852 0.783493 0.460777 0.887517 0.431199 0.903521 0.404192 0.906950 0.355324 0.908093 0.325103 0.906950 0.308385 0.893233 0.274306 0.797211 0.268519 0.749200 0.284594 0.720622 0.280093 0.689758 0.290381 0.679470 0.287809 0.656607 0.280736 0.613169 0.312243 0.609739 0.321245 0.662323 0.337963 0.655464 0.345036 0.689758 0.366255 0.696616 0.373328 0.754915 0.382330 0.703475 0.402263 0.695473 0.411265 0.658893 0.423483 0.665752 0.435057 0.616598 0.463349 0.629172 0.454347 0.685185 0.467207 0.693187 0.465278 0.724051 0.481996 0.750343 0.481353 0.761774 0.502572 0.741198 0.502572 0.705761 0.516718 0.704618 0.517361 0.626886 0.555941 0.628029 0.559156 0.616598 0.522505 0.594879 0.532793 0.560585 0.519933 0.544582 0.538580 0.498857 0.584877 0.536580 0.596451 0.505716 0.618956 0.525149 0.652392 0.491998 0.615098 0.485139 0.602238 0.443987 0.586806 0.439415 0.588735 0.416552 0.553369 0.410837 0.557227 0.358253 0.590021 0.361683 0.592593 0.338820 0.610597 0.338820 0.622171 0.302241 0.611883 0.294239 0.579090 0.330818 0.569444 0.318244 0.550797 0.336534 0.532150 0.301097 0.525720 0.288523 0.495499 0.288523 0.491641 0.241655 0.476852 0.266804 0.442773 0.249657 0.431842 0.266804 0.421553 0.247371 0.395190 0.286237 0.376543 0.249657 0.397762 0.206219 0.390689 0.182213 0.402906 0.159351 0.400977 0.123914 0.359182 0.243941 0.339249 0.245085 0.325103 0.267947 0.310957 0.279378 0.291024 0.325103 0.266590 0.296525 0.285880 0.235940 0.276235 0.214220 0.278807 0.190215 0.271091 0.157064 0.287809 0.098765 0.154064 0.043896 0.151492 0.181070 0.134774 0.198217 0.134774 0.225652 0.123200 0.231367 0.121914 0.286237 0.089763 0.288523 0.087834 0.237083 0.073688 0.232510 0.071759 0.209648 0.050540 0.190215 0.047325 0.071331 0.069187 0.054184 0.076903 0.030178 0.112269 0.010745 0.153421 0.034751 0.290381 0.090764 0.412551 0.080476 0.435700 0.077046 0.577803 0.081619 0.497428 0.225652 0.544367 0.208505 0.544367 0.175354 0.579733 0.131916 0.593879 0.079332 0.632459 0.066758 0.689043 0.134202 0.693544 0.240512 0.640175 0.305670 0.687757 0.317101 0.692258 0.498857 0.692258 0.516004 0.698045 0.847508 0.704475 0.860082 0.711548 0.997257